3
38
16
12
20
9
8
18
17
25
24
8
15
40
14
8
26
35
5
24
10
13
28
17
15
10
26
19
34
11
18
12
12
19
11
11
42
14
25
13
17
12
15
21
13
30
18
31
13
11
26
19
12
12
14
13
47
14
17
36
29
14
37
26
14
21
21
29
15
20
29
29
15
14
9
11
34
15
39
39
15
21
27
19
16
41
18
3
16
27
16
10
19
17
42
34
17
12
21
14
22
17
25
29
22
17
17
21
18
18
21
38
18
20
17
29
18
22
28
14
18
17
16
21
18
27
16
15
15
18
33
24
23
19
8
22
13
22
20
23
31
25
20
23
32
11
20
7
7
13
25
21
20
11
25
26
10
21
15
24
35
21
14
21
35
21
14
22
19
11
21
25
20
15
22
31
30
22
21
19
28
22
18
26
20
22
23
18
17
22
31
44
22
27
36
23
16
19
28
23
14
27
16
23
20
27
24
23
18
20
21
23
8
18
13
21
24
10
8
22
15
11
24
34
27
11
24
16
9
37
11
24
5
19
26
18
25
25
9
33
25
23
11
27
25
18
30
26
14
33
26
13
14
29
26
11
23
28
10
26
14
36
27
22
14
18
27
30
21
27
55
27
38
21
28
8
28
34
28
25
15
21
30
18
34
12
30
23
21
19
31
22
36
34
19
20
11
34
37
20
34
29
16
35
34
35
19
34
36
29
16
14
36
22
39
40
22
19
42
12
28
17
7
23
23
23
18
8
18
17
28
21
8
22
8
20
23
11
8
25
17
19
20
9
10
23
21
10
29
26
32
10
20
6
23
22
10
37
14
18
18
11
31
9
39
11
24
19
14
26
12
21
25
19
12
13
46
24
13
39
36
10
13
13
21
14
20
15
12
19
26
15
27
12
42
15
22
36
21
15
24
17
22
16
11
18
17
25
16
22
30
15
15
16
34
16
16
21
28
14
8
16
14
22
26
17
16
35
11
20
17
34
29
19
17
27
34
17
18
21
17
13
17
18
10
14
13
17
9
25
14
29
15
26
30
15
18
35
13
30
18
20
34
26
18
21
47
18
37
14
29
19
13
30
26
19
33
20
25
19
39
13
14
19
9
12
19
23
19
26
34
19
17
24
18
19
44
23
9
20
22
43
11
20
30
18
13
16
20
42
21
20
25
13
18
26
15
33
21
26
27
21
9
28
16
21
29
31
21
32
22
20
21
33
26
22
22
15
34
22
13
29
34
22
11
33
22
18
17
17
19
22
18
18
17
23
33
26
24
40
27
25
18
33
22
26
15
11
29
13
27
18
6
10
27
27
28
22
11
28
24
33
28
16
19
28
17
18
28
6
47
29
25
19
18
29
20
20
14
30
30
38
30
19
14
20
31
17
25
25
32
17
38
33
38
15
34
24
28
35
21
33
35
19
11
21
35
27
14
39
43
40
14
23
19
42
18
24
7
37
33
7
29
8
22
23
8
22
8
28
16
9
31
22
26
9
31
18
29
9
38
24
10
27
19
26
15
10
23
36
10
18
15
27
29
11
32
15
25
11
12
19
27
21
9
12
11
25
8
21
12
23
26
26
13
21
15
21
20
13
11
44
31
13
36
14
13
12
36
30
13
36
12
23
14
13
28
17
33
13
21
12
53
13
18
23
30
14
38
25
18
14
29
17
17
14
7
22
6
10
21
19
15
14
26
20
12
8
16
27
31
16
32
41
16
30
26
17
24
35
19
18
16
21
18
26
21
23
18
9
17
14
18
18
19
23
19
18
31
21
19
20
28
18
19
23
8
23
24
20
28
22
20
20
9
24
22
21
7
21
11
29
21
25
42
21
30
17
12
22
26
28
15
22
32
17
8
15
22
13
21
36
22
23
21
24
23
34
27
12
23
40
8
21
23
14
28
18
24
17
18
14
21
24
19
12
18
22
24
35
34
24
15
11
17
25
24
19
16
25
27
6
8
14
26
20
19
18
27
30
25
27
12
9
44
27
23
33
9
27
7
27
23
28
15
24
18
28
42
28
31
19
20
29
17
29
30
17
12
25
30
31
37
32
23
29
32
28
26
32
46
13
32
29
23
33
26
19
33
18
20
26
33
17
36
34
20
15
25
34
20
28
35
15
19
28
35
14
30
40
42
42
16
12
27
47
20
17
8
52
9
12
5
13
5
31
17
9
16
12
7
20
36
11
7
34
7
12
28
9
7
16
5
36
31
9
15
16
22
28
9
20
14
30
10
21
37
26
10
15
26
17
16
10
29
15
11
26
11
24
18
23
11
30
21
25
12
13
23
25
32
13
13
33
17
8
13
19
15
29
14
13
29
15
19
21
14
24
12
25
12
15
11
28
20
15
40
24
15
8
20
28
15
10
23
33
18
16
21
37
16
36
16
25
16
29
19
7
24
16
16
36
22
17
9
16
16
27
18
21
31
25
18
18
34
14
15
18
21
28
16
19
10
10
5
13
19
19
12
18
37
19
22
26
16
19
13
27
12
10
20
22
7
30
20
11
19
21
19
20
21
23
11
9
20
25
11
27
20
24
18
20
20
21
19
23
20
10
20
15
20
20
16
21
18
21
28
14
16
21
36
14
12
13
23
37
19
16
23
18
30
27
23
27
25
13
23
24
46
23
18
16
22
13
23
14
34
28
24
13
29
24
20
20
19
24
16
7
30
16
24
31
36
25
25
21
12
25
24
18
22
25
38
25
11
22
28
25
15
21
35
25
18
20
23
26
6
26
30
26
24
23
16
26
38
26
21
19
6
27
17
30
24
27
20
28
28
19
23
21
29
20
44
6
29
54
29
31
20
29
27
10
31
29
22
26
12
30
26
15
30
31
28
31
21
24
32
24
21
21
33
28
23
33
37
17
34
32
27
38
18
16
25
39
30
26
41
17
39
5
38
34
12
6
16
10
27
8
17
21
29
8
22
34
22
9
44
16
25
9
31
35
17
9
28
34
11
28
23
26
13
32
26
24
13
32
11
22
14
13
20
14
22
17
14
54
18
14
20
20
19
15
13
15
25
27
15
30
25
13
9
16
26
26
17
18
12
31
17
21
35
20
17
33
33
16
18
12
35
12
18
16
19
16
11
19
12
32
18
20
24
12
29
20
20
13
16
20
19
22
28
20
27
25
25
21
38
13
21
31
20
19
22
29
9
24
22
21
26
20
22
17
28
23
18
18
19
23
40
36
23
22
17
15
17
23
24
24
11
17
28
18
24
8
31
22
24
37
11
23
24
18
25
16
24
35
11
25
24
15
19
11
24
24
30
9
25
39
16
25
18
37
19
25
23
19
26
25
23
18
28
26
18
32
14
26
32
20
19
27
59
27
28
10
12
27
21
18
27
33
28
11
27
23
21
19
28
18
22
19
11
28
14
20
24
13
28
24
10
36
28
18
21
28
29
22
43
30
5
24
12
28
30
30
31
30
20
9
28
30
12
35
22
31
10
11
20
19
32
17
21
24
32
19
22
12
32
16
12
27
32
31
24
33
34
25
35
22
17
35
38
36
21
28
37
29
28
38
19
18
38
22
22
11
40
19
17
22
41
11
18
41
37
10
42
49
44
17
23
13
48
32
10
