3
33
8
34
7
21
15
31
8
22
36
30
8
20
24
5
23
10
37
27
24
10
36
27
23
11
30
22
12
11
28
26
16
11
19
40
19
12
30
21
14
12
21
12
42
12
27
17
13
9
12
16
15
27
16
12
13
25
17
14
11
13
28
33
13
26
19
28
13
23
34
13
27
22
17
14
33
12
10
20
15
23
16
12
11
16
34
34
7
16
24
13
20
16
29
26
28
17
16
14
18
22
17
30
10
33
17
16
25
34
17
27
19
16
13
17
23
18
23
17
18
21
26
17
23
31
22
18
13
23
18
14
18
26
17
22
18
16
16
29
19
18
23
15
19
18
9
38
21
19
17
23
24
19
23
21
18
19
15
13
17
23
12
20
24
26
23
20
18
17
24
20
20
10
27
17
21
28
20
21
21
23
20
18
21
31
26
8
21
34
17
21
17
21
28
22
17
31
19
10
22
16
27
29
22
40
25
23
41
16
23
23
24
27
23
20
26
26
23
21
7
27
24
17
20
26
9
24
40
13
24
10
24
6
21
25
3
33
15
6
25
18
21
16
7
25
34
19
26
20
17
26
29
19
26
25
21
21
27
26
17
27
34
19
18
27
15
25
20
27
6
20
30
27
34
15
28
30
16
21
28
29
21
29
19
22
22
29
29
24
13
30
13
29
32
18
26
32
35
19
32
27
17
32
22
5
28
34
25
17
35
14
18
20
35
11
28
19
37
28
33
4
29
20
13
33
8
35
16
18
8
29
34
8
30
24
37
8
28
12
29
10
29
22
22
10
29
31
11
9
13
31
10
13
11
9
22
16
16
11
19
16
23
18
11
8
14
30
6
16
9
12
22
31
20
12
17
23
20
14
12
20
25
34
12
18
16
30
13
17
8
41
13
38
9
24
14
18
28
17
18
15
37
27
15
17
25
5
32
16
17
16
25
20
17
27
19
21
17
10
26
26
17
24
11
15
23
17
31
21
27
17
18
37
7
18
17
17
11
18
18
24
17
17
21
18
43
12
20
18
28
19
26
18
28
30
20
18
13
18
33
18
32
27
18
7
32
15
18
21
22
13
18
17
17
17
23
19
16
33
17
19
17
11
27
20
14
20
17
17
20
22
14
22
20
19
28
10
12
20
9
16
14
13
10
16
20
29
20
21
20
18
28
22
21
15
15
11
35
21
17
16
17
20
22
16
28
19
23
31
17
13
23
27
30
17
23
25
29
21
23
22
33
16
23
26
19
31
23
12
19
20
23
32
34
9
24
11
16
14
14
24
33
35
25
8
18
21
25
31
15
23
25
4
25
25
17
25
22
10
8
30
26
20
4
16
21
26
27
25
15
26
11
15
27
24
18
20
19
27
26
20
16
27
14
27
25
27
30
19
10
27
12
24
18
16
27
29
6
8
28
20
30
29
23
24
19
29
26
35
27
15
17
18
30
23
14
25
30
36
15
34
15
8
10
14
18
34
18
14
24
34
22
21
10
36
12
34
37
18
23
5
39
19
24
6
13
25
21
26
6
30
18
38
7
17
30
20
10
9
7
32
23
19
7
23
17
30
8
24
20
26
13
8
31
14
25
9
13
22
18
26
10
23
17
12
23
10
25
25
27
11
27
19
24
15
12
16
23
20
13
38
25
13
10
19
10
19
9
13
17
18
13
33
18
23
14
21
28
14
7
21
24
18
10
14
29
29
14
52
28
14
19
21
15
27
15
22
16
23
19
15
9
9
14
14
28
15
28
32
16
25
18
20
11
16
22
28
20
16
17
22
15
17
26
24
16
17
21
24
24
17
22
22
20
17
26
29
17
5
20
23
25
17
22
20
13
22
17
23
19
19
18
18
37
14
25
18
28
13
13
11
18
24
19
22
18
8
11
20
5
16
19
31
29
17
20
34
20
20
15
19
25
20
20
20
16
18
15
20
9
19
28
20
20
8
30
20
23
13
28
20
20
32
18
21
21
14
28
21
23
11
19
23
22
30
34
23
14
19
22
23
14
22
23
23
31
9
14
15
23
25
33
24
16
20
26
24
24
19
18
24
20
25
27
25
12
22
27
25
14
20
38
25
18
23
13
26
24
26
13
27
34
23
27
21
29
9
27
41
20
28
10
19
24
17
28
17
23
18
28
21
21
15
29
17
15
10
19
30
30
12
15
31
18
28
17
31
37
31
32
28
22
32
19
22
32
21
12
16
7
32
27
18
15
32
19
17
17
32
36
20
33
21
17
9
42
33
43
24
22
4
16
39
32
5
27
7
21
23
5
29
24
17
7
21
21
18
14
8
24
10
28
9
12
9
30
35
10
9
39
11
35
9
34
18
35
10
28
5
18
10
32
23
28
11
23
30
11
22
17
11
19
11
41
27
15
11
35
15
19
19
11
33
24
15
15
12
54
4
21
12
25
17
24
12
29
29
26
12
41
9
17
18
13
30
12
30
13
32
26
14
21
16
10
20
17
14
12
24
20
23
14
24
17
23
15
17
13
25
20
15
9
19
43
15
23
17
38
15
26
32
25
16
16
16
22
16
13
17
16
8
16
30
31
16
27
26
16
17
14
15
21
18
17
22
18
12
14
17
21
25
20
17
8
15
31
25
18
23
13
18
22
18
14
30
27
18
25
34
18
19
12
40
19
16
17
5
37
19
33
11
23
19
30
16
27
19
10
18
16
27
19
25
23
22
20
27
17
25
20
27
29
20
19
34
10
14
20
29
14
13
21
35
7
17
13
21
26
10
14
16
21
14
10
7
25
18
21
17
18
24
18
22
29
33
22
16
6
16
34
23
16
14
16
19
23
17
5
22
24
23
42
19
23
7
21
16
32
23
27
6
20
23
21
14
24
13
23
17
9
29
23
25
23
21
24
13
29
18
24
24
23
6
25
27
43
25
23
13
21
27
30
20
27
25
20
14
27
25
20
27
32
22
18
27
24
16
12
27
15
15
15
16
28
15
12
22
22
30
21
11
30
28
25
32
30
26
33
29
16
34
34
49
13
18
17
5
26
31
27
6
20
21
19
20
8
35
24
16
8
25
17
13
20
8
21
26
13
14
9
30
32
21
9
17
21
9
26
16
9
22
21
15
16
10
25
13
26
12
10
24
13
31
11
24
25
22
13
21
16
17
12
5
13
15
12
29
18
14
20
28
20
14
11
21
32
15
14
30
18
15
22
39
13
16
25
21
29
16
18
23
32
16
23
35
16
35
21
14
17
11
22
15
16
17
35
30
17
31
26
9
17
24
21
19
18
9
9
22
35
18
30
19
6
19
15
16
26
19
15
23
9
13
19
39
17
18
19
41
24
20
18
24
23
11
20
30
19
9
21
11
21
33
21
30
12
26
10
21
43
15
21
19
33
24
21
26
27
22
14
14
19
16
22
26
10
20
15
22
26
21
12
22
18
39
20
23
24
19
16
23
17
11
29
23
20
33
23
26
15
20
23
13
46
24
30
15
13
25
14
24
13
16
25
26
26
26
40
19
8
26
24
10
18
11
26
20
18
23
27
29
27
27
36
24
27
22
31
11
27
12
20
25
15
27
18
17
16
17
27
25
16
8
27
19
33
19
28
28
20
13
28
19
29
20
28
8
32
25
28
27
31
29
35
28
29
27
15
16
29
24
11
35
30
11
16
31
10
30
19
19
7
17
32
28
22
4
33
28
18
34
28
34
34
15
13
26
35
18
25
7
14
36
25
15
37
22
12
39
13
14
28
39
22
18
40
9
28
14
41
32
24
