4
15
8
17
20
8
11
5
27
29
16
22
7
13
20
8
20
14
17
9
16
32
16
17
10
9
25
19
13
13
10
9
11
12
16
10
18
8
10
17
14
8
22
18
11
5
13
15
22
14
16
11
17
29
19
9
6
11
17
14
37
16
11
18
27
11
4
9
17
12
22
12
18
20
13
15
20
24
17
14
33
14
9
20
14
18
26
22
19
14
22
22
11
28
15
23
14
22
18
15
22
17
21
22
16
22
13
14
9
16
6
22
21
16
9
18
16
22
19
13
18
18
14
29
12
6
19
24
4
21
29
20
7
16
15
20
7
20
20
23
18
21
22
18
13
19
23
23
20
18
24
11
8
9
12
14
14
25
18
17
10
27
28
8
23
10
19
3
14
19
25
32
8
24
21
16
11
12
9
15
11
12
12
30
10
9
16
11
12
23
14
9
26
33
14
14
9
17
14
13
16
25
10
28
28
17
16
11
15
17
9
13
14
20
13
13
15
30
10
13
15
18
5
21
20
14
23
11
11
27
9
14
14
8
15
17
16
15
25
11
15
13
11
15
10
21
18
14
16
14
23
11
12
18
16
18
25
14
23
17
9
19
26
11
14
18
12
17
17
12
19
18
26
17
4
15
19
18
15
12
8
13
20
18
12
20
13
12
19
18
15
12
13
8
16
19
17
26
11
21
19
11
17
12
17
15
21
8
31
31
22
16
17
11
12
13
22
22
14
15
22
23
29
16
22
24
15
24
14
8
8
31
14
23
29
5
24
18
23
27
8
18
15
15
28
9
19
20
18
12
11
9
21
26
13
16
9
17
8
16
32
8
10
16
13
11
15
16
16
10
10
21
19
19
10
17
8
19
19
13
10
24
20
17
5
18
12
11
17
21
21
10
13
23
31
11
12
13
11
20
29
17
13
38
9
16
11
14
19
11
26
23
14
8
16
11
14
22
8
14
32
12
15
17
15
21
52
15
19
15
25
20
16
23
7
12
12
25
17
13
11
4
17
22
17
18
9
11
21
17
12
15
19
9
14
11
18
21
16
16
19
21
7
8
21
10
14
21
13
8
33
19
21
19
10
26
4
13
22
26
17
8
22
22
9
11
25
14
9
26
13
21
9
13
27
12
36
8
6
10
18
24
31
7
8
9
5
21
34
7
19
18
13
11
14
9
13
12
17
19
21
9
14
21
8
12
14
16
9
15
12
20
20
10
28
18
17
16
11
21
28
23
11
13
10
11
23
23
12
20
21
16
14
13
13
26
17
15
15
13
18
23
14
7
14
14
14
8
23
18
8
14
24
25
21
14
9
31
10
14
16
18
31
13
21
16
23
14
22
23
17
14
17
20
26
19
23
24
20
13
19
22
12
8
18
19
19
17
10
18
21
19
11
19
12
5
16
19
24
17
17
6
9
20
33
18
22
26
19
18
24
21
17
17
25
19
21
17
26
8
30
21
28
11
10
17
7
29
10
13
25
12
9
6
10
18
11
25
13
8
7
8
20
11
21
20
7
13
11
29
5
15
10
7
25
5
16
15
23
8
22
14
24
12
14
8
19
16
8
13
20
12
10
33
9
11
23
11
8
29
16
13
11
13
21
24
14
12
21
6
12
25
19
12
12
22
14
18
15
12
16
18
22
17
12
24
27
15
15
12
29
32
6
6
13
24
18
20
14
10
12
21
20
7
14
16
15
25
6
10
14
13
24
11
24
14
12
16
15
11
20
14
46
12
18
15
10
19
20
16
3
12
15
9
8
17
14
15
5
15
17
10
21
14
16
8
21
11
19
18
14
16
22
18
24
24
22
15
11
12
14
22
23
10
8
22
16
17
25
22
19
19
28
10
17
18
25
29
11
18
25
11
