4
25
10
17
15
13
7
8
22
12
15
8
10
11
9
9
10
8
15
18
20
9
10
12
12
11
7
29
10
17
11
12
17
13
10
11
20
20
9
6
16
11
22
14
14
19
18
11
11
7
10
14
11
13
11
4
12
9
10
15
14
14
8
12
12
23
16
12
9
10
12
13
18
26
15
15
12
14
14
21
11
11
12
13
21
9
16
17
14
14
17
16
19
12
14
16
14
17
6
22
8
14
6
19
16
12
10
16
15
8
11
21
21
15
18
15
15
12
18
16
15
9
15
20
16
16
18
15
5
7
16
7
10
16
8
17
10
15
13
14
17
11
16
16
16
12
18
18
15
6
13
18
19
14
18
16
12
14
20
13
18
15
18
15
20
21
18
19
20
21
16
14
9
20
12
24
11
8
21
27
30
15
12
20
6
30
23
26
20
3
19
9
17
19
22
8
22
7
14
14
20
9
17
19
21
14
9
10
6
16
17
12
14
9
13
12
12
17
13
16
9
19
15
6
10
10
20
10
9
20
11
7
14
22
11
11
24
9
17
12
9
6
11
20
5
16
6
21
18
12
13
16
9
13
28
12
15
14
14
15
15
11
13
19
12
30
9
13
19
25
19
14
22
10
8
20
22
14
13
9
19
15
15
15
13
6
12
9
14
6
8
11
15
17
18
13
15
17
16
11
12
8
16
7
6
11
16
7
12
28
14
10
16
12
21
13
19
9
17
33
29
17
13
14
20
12
17
18
11
15
21
5
15
18
13
13
22
17
13
18
7
12
35
13
10
19
12
31
23
19
15
10
14
16
7
9
22
13
17
10
14
3
6
22
17
12
9
10
10
16
30
14
15
14
23
5
14
15
11
15
13
14
5
20
7
17
20
16
8
17
16
23
20
8
10
21
17
8
11
18
5
9
16
17
10
38
9
21
18
13
11
23
9
16
14
19
9
8
14
9
21
14
13
27
13
9
31
9
27
12
10
16
13
14
9
26
11
16
10
18
15
12
11
23
22
13
14
11
14
16
5
23
16
11
17
19
28
15
12
24
7
18
16
8
13
12
19
10
9
15
12
18
13
20
15
14
17
19
15
11
17
8
14
22
15
15
17
8
16
14
14
16
10
9
18
21
17
12
22
18
13
14
17
15
12
26
6
14
17
14
15
30
22
19
6
13
13
11
19
17
20
10
5
8
13
26
12
20
12
14
10
7
6
4
15
21
15
12
14
17
22
17
12
15
12
25
8
9
15
16
19
7
26
15
12
17
14
15
7
21
18
17
6
21
10
10
17
23
6
18
9
11
13
7
18
15
18
11
11
12
11
14
5
29
15
11
13
9
10
18
16
12
19
18
28
20
12
12
20
15
12
10
11
13
10
20
12
16
13
13
13
13
18
17
14
13
8
19
10
23
20
14
7
10
14
8
21
14
8
14
7
8
10
12
13
6
13
9
14
17
8
26
13
10
9
14
14
19
7
23
10
15
8
9
17
32
15
15
9
22
17
9
11
10
15
12
15
12
7
20
16
30
17
7
16
11
16
18
15
14
10
10
7
16
14
21
13
18
14
17
8
18
23
10
10
18
11
13
13
11
11
18
25
20
26
19
17
9
13
16
14
20
29
5
14
10
20
21
12
22
21
10
13
21
14
14
23
18
22
12
14
21
14
10
24
11
15
21
27
11
18
13
12
6
15
10
16
25
5
11
6
11
24
9
20
16
7
7
9
15
11
19
22
8
33
13
18
16
8
9
8
16
14
20
17
9
14
13
9
22
8
22
9
11
22
14
19
15
10
18
20
7
12
7
11
10
15
7
18
25
10
13
10
11
15
10
14
10
19
10
11
10
10
16
18
20
10
15
28
6
11
23
10
17
18
5
7
18
13
10
16
12
17
20
20
11
26
14
16
20
12
14
25
20
10
13
12
14
26
18
13
12
17
14
22
14
7
5
13
24
11
24
16
13
12
24
10
16
11
11
16
16
10
16
16
16
4
16
11
20
19
18
18
25
21
21
13
18
13
12
20
17
15
18
21
23
17
10
19
12
15
27
16
20
10
14
12
13
12
12
22
23
12
27
23
9
11
12
6
15
21
29
16
19
11
7
11
6
