1
10
11
17
17
14
2
10
19
17
14
16
7
13
6
4
12
13
5
9
7
12
6
9
8
7
5
10
13
11
5
6
13
7
2
14
11
7
4
13
7
14
18
7
10
4
13
9
17
3
5
8
10
10
3
5
11
7
6
8
9
9
10
7
11
12
18
9
4
16
6
9
21
11
1
11
12
6
13
11
7
19
8
13
11
10
11
17
16
20
20
13
14
8
8
8
15
12
6
4
8
13
18
7
10
8
22
12
6
11
11
10
11
10
20
14
16
6
9
18
7
11
14
14
14
8
7
12
17
5
21
8
13
17
13
9
13
16
10
11
13
2
8
11
12
6
16
12
16
9
14
14
15
8
17
16
10
17
8
6
16
10
4
11
19
15
12
9
11
10
13
11
6
17
8
3
19
11
13
15
5
14
20
11
7
14
6
16
2
17
6
9
1
8
9
8
5
14
12
11
4
5
9
7
11
7
8
11
15
9
2
7
10
10
20
10
10
7
10
15
12
20
11
7
5
16
7
8
8
8
4
7
4
13
19
14
3
12
17
7
6
13
4
1
4
14
14
12
7
19
7
18
14
8
18
12
12
11
12
10
10
9
5
16
8
12
9
15
19
15
9
2
12
11
14
4
5
11
6
14
11
6
9
14
4
11
12
8
7
12
12
14
13
13
6
8
4
14
14
13
9
12
7
15
11
15
6
3
15
3
16
15
11
9
13
22
14
9
4
14
14
11
16
14
14
10
12
10
14
12
5
9
16
10
4
7
8
12
11
16
10
8
16
12
16
9
9
14
12
9
15
10
11
14
8
6
17
7
3
11
13
16
22
9
10
7
4
16
24
13
16
14
14
2
11
21
4
10
3
19
10
17
12
7
7
5
3
11
11
7
10
4
4
2
9
10
12
14
2
7
10
16
7
7
11
6
5
6
17
12
11
11
6
8
9
11
12
3
12
12
6
15
7
2
11
5
9
9
12
5
6
8
6
16
2
20
17
3
10
5
20
10
9
8
10
12
7
14
2
12
8
10
13
13
3
19
16
9
10
18
8
16
9
7
13
9
9
7
24
12
11
18
15
15
8
3
13
3
10
19
5
9
7
8
18
11
11
14
12
9
13
16
4
10
13
9
8
5
13
9
16
9
14
14
15
22
3
22
16
15
13
11
13
5
9
14
4
13
4
4
11
12
14
15
14
6
12
6
11
25
14
13
12
17
10
10
19
10
7
7
10
10
15
13
9
3
20
17
8
17
18
5
14
7
14
18
16
6
5
7
12
10
14
12
10
3
13
8
6
13
6
10
3
9
12
6
13
4
13
5
6
17
7
16
13
6
8
16
18
18
9
11
3
26
5
8
5
16
8
11
7
13
8
11
11
10
15
2
12
24
6
12
11
6
16
13
9
8
10
8
8
13
8
10
3
13
8
10
14
18
15
14
14
10
12
13
6
13
12
20
14
21
7
9
14
13
6
15
8
14
16
13
14
8
10
11
6
25
4
6
14
13
11
15
15
7
9
15
13
11
10
11
2
17
11
17
16
11
10
13
13
14
16
6
14
11
8
3
5
16
17
13
13
6
15
12
12
3
10
16
5
15
10
8
9
6
7
8
16
10
11
3
8
6
15
9
9
8
11
1
7
6
16
12
10
20
13
5
24
22
8
7
4
8
12
11
13
16
4
12
6
10
3
11
7
14
3
4
6
11
11
15
1
8
3
3
13
12
12
14
4
6
10
13
16
11
7
2
10
13
13
26
2
14
20
10
15
13
7
9
10
13
10
18
8
12
6
8
17
12
14
7
10
10
21
5
11
9
9
15
10
13
9
9
9
11
15
16
15
3
6
15
9
14
20
2
7
4
12
9
10
15
13
7
9
7
4
15
14
7
10
7
7
15
23
9
18
19
18
5
8
12
8
11
8
12
2
18
10
13
5
9
18
4
12
10
16
9
14
7
13
8
12
12
14
18
13
17
10
6
17
9
11
8
17
9
5
10
4
7
7
18
14
15
3
10
4
6
14
14
6
10
3
11
16
17
12
11
13
15
10
16
3
10
9
9
20
18
9
12
6
16
19
23
17
19
