4
16
13
20
20
17
5
13
24
20
16
19
9
24
7
7
23
17
9
14
12
17
9
13
10
9
7
13
23
13
6
7
14
9
6
15
14
9
8
22
10
22
23
14
13
10
20
10
27
5
9
12
11
13
7
6
14
10
8
9
11
11
13
10
15
14
20
12
6
22
7
13
24
12
3
17
14
8
21
17
12
27
10
20
13
15
13
18
18
23
25
15
17
15
15
16
19
16
10
5
18
22
20
8
16
12
23
17
12
13
16
13
15
14
24
15
18
8
12
19
11
14
19
16
23
11
9
18
19
7
23
12
16
18
19
17
20
18
12
19
15
11
14
14
17
8
20
14
19
13
16
16
20
12
20
18
12
20
12
14
18
15
5
12
21
19
20
11
15
11
21
15
13
25
12
4
22
13
14
24
7
16
23
13
14
17
9
20
3
22
7
16
2
13
15
10
8
16
16
16
11
8
10
8
14
12
11
16
17
12
9
8
13
14
23
12
13
9
13
17
16
28
14
9
22
18
8
12
12
16
10
13
10
21
22
16
10
23
19
10
9
16
10
12
18
20
20
16
11
20
13
29
19
12
22
17
17
12
13
14
15
11
6
20
10
14
14
22
22
17
13
4
14
15
19
6
8
19
12
15
13
11
11
16
10
14
15
9
9
18
14
15
15
15
8
15
8
23
16
15
12
15
8
16
12
20
16
9
17
6
23
17
18
12
16
23
17
12
5
20
17
15
18
28
18
13
18
21
18
14
6
13
18
12
9
9
24
19
18
18
13
10
20
13
18
15
14
15
16
12
18
20
15
16
12
14
20
13
7
16
18
19
24
16
19
10
10
18
29
15
18
19
16
5
13
36
6
17
7
37
12
19
13
8
8
6
7
14
16
8
11
6
8
9
12
15
13
18
4
8
17
21
12
14
12
10
9
16
21
15
12
14
9
9
11
28
15
6
13
16
10
20
18
8
14
11
10
17
18
10
13
15
10
19
10
28
18
10
15
7
23
12
10
11
11
15
9
16
5
20
12
13
15
23
5
22
19
13
19
22
13
18
14
13
16
11
14
9
27
13
15
22
20
21
13
6
17
8
16
25
11
15
8
19
21
16
16
16
18
12
15
21
6
16
16
16
9
6
17
16
18
10
19
17
16
24
7
24
17
16
17
12
21
8
17
16
15
19
11
6
17
17
16
23
16
8
19
20
13
39
19
17
13
20
11
16
21
14
9
25
12
12
22
29
16
4
22
22
9
28
23
6
19
9
19
20
18
8
7
9
16
19
18
14
13
8
19
11
8
18
8
16
9
16
18
12
17
6
20
9
14
20
14
19
16
10
20
17
20
23
11
18
11
28
17
11
11
20
12
16
10
14
12
19
14
13
21
9
14
26
8
15
22
14
20
23
13
12
11
14
13
16
13
12
7
14
12
12
16
20
20
15
20
13
14
20
12
15
19
25
16
24
16
15
16
16
9
17
10
16
20
14
15
13
13
16
12
30
7
9
18
17
15
22
27
17
15
19
16
20
11
18
4
23
19
20
18
14
11
18
18
18
18
10
18
12
9
5
15
19
24
14
28
12
19
13
17
9
11
18
7
21
12
12
11
15
14
10
22
12
13
9
13
11
22
11
15
10
14
4
11
8
22
13
11
22
16
8
28
27
16
14
6
13
14
14
16
19
6
14
11
11
8
12
11
21
5
7
12
18
14
22
5
10
7
10
15
20
15
19
7
12
16
16
29
15
8
6
18
18
16
27
8
22
23
11
18
14
8
11
11
21
13
23
9
16
8
10
18
18
15
9
13
14
24
6
15
10
11
18
11
16
13
16
11
13
22
19
21
11
11
17
18
19
22
4
11
9
23
10
13
17
15
11
14
16
8
19
26
11
12
10
10
22
28
12
19
23
21
7
12
14
12
16
10
18
3
26
14
18
10
18
23
13
14
14
22
13
20
12
15
11
14
16
20
20
15
18
13
8
21
16
15
18
20
12
12
17
23
17
16
21
19
17
8
12
9
22
20
17
8
16
5
14
17
20
16
14
16
17
16
21
6
14
18
11
21
23
17
15
8
21
25
26
18
26
