3
8
8
10
10
13
10
23
10
7
12
13
7
11
5
14
4
7
14
7
17
9
14
20
6
19
7
7
12
15
15
7
14
5
7
7
10
17
7
13
17
9
7
16
25
8
13
22
12
7
7
22
13
7
9
16
12
12
7
7
14
9
20
11
12
8
8
5
19
9
17
5
10
13
5
7
18
15
14
14
5
6
25
6
11
12
8
13
8
8
7
8
12
22
16
10
13
9
4
6
13
12
8
11
9
9
14
10
11
7
9
11
13
8
10
10
11
13
7
7
12
19
15
11
20
12
15
11
12
9
12
28
6
6
9
5
13
6
11
17
15
4
17
12
14
12
21
17
17
8
10
13
24
18
9
11
10
11
5
6
16
11
14
10
12
14
15
7
18
6
6
7
10
8
7
14
14
9
6
31
8
11
10
10
5
9
14
16
18
12
19
12
12
8
10
12
6
16
6
9
8
12
13
12
5
7
10
14
13
13
17
5
12
9
15
8
16
11
11
13
12
5
15
17
24
9
19
8
19
8
8
5
7
7
11
11
6
15
6
7
3
8
10
19
18
23
7
17
10
11
7
7
13
11
14
8
13
7
17
14
16
20
8
10
12
6
10
10
8
10
12
5
8
7
6
16
12
10
29
11
12
14
12
7
12
10
6
11
15
12
11
10
14
15
5
13
11
16
7
6
12
7
18
14
10
12
13
14
22
24
9
11
17
29
5
11
20
11
6
4
8
10
16
5
15
8
10
13
19
13
10
5
9
10
11
9
7
18
11
14
10
4
11
9
17
10
15
16
11
6
13
9
27
10
10
6
11
9
18
6
14
14
14
12
5
20
9
16
15
11
12
22
13
11
11
11
7
13
24
8
8
10
18
8
23
6
22
12
5
9
5
