3
8
10
11
11
4
12
5
10
18
7
13
18
13
14
13
9
7
13
5
9
11
10
10
11
13
7
7
13
9
7
11
6
6
9
8
12
7
9
15
12
16
9
5
8
7
10
14
7
7
8
8
12
6
7
15
10
14
10
15
9
16
10
10
10
11
7
10
12
13
4
12
12
18
12
13
5
8
14
11
12
11
18
6
18
13
10
6
12
14
7
11
8
10
15
6
6
11
13
11
10
14
6
11
11
8
13
4
13
5
15
9
7
10
10
8
12
9
7
7
9
22
12
3
7
8
13
14
15
12
3
13
9
8
13
5
5
8
9
14
12
7
9
9
9
5
10
11
10
9
12
8
9
13
11
14
14
9
4
8
8
9
7
22
6
12
13
4
11
17
7
8
12
11
9
19
11
6
11
12
8
6
5
16
12
19
6
14
10
10
7
6
10
10
10
8
12
6
6
17
9
3
16
9
8
8
9
9
12
12
10
8
10
10
8
6
10
10
10
14
9
5
5
7
8
11
13
11
10
11
15
9
15
10
11
4
6
16
11
14
10
6
10
7
5
14
10
20
6
13
5
13
12
14
20
4
13
11
12
8
14
12
13
10
6
8
9
12
11
9
5
8
9
7
7
9
7
11
13
10
13
10
6
9
14
12
11
8
7
12
4
10
7
9
7
15
13
7
5
9
11
12
10
17
17
4
10
9
10
16
11
12
9
12
16
8
14
12
14
8
7
11
8
6
12
8
14
11
10
11
7
7
7
10
8
14
10
10
11
7
12
10
15
11
5
11
8
12
8
21
5
9
7
14
21
18
12
9
5
6
11
9
16
9
5
10
5
8
11
12
8
8
13
13
9
5
7
7
19
9
7
12
14
6
8
8
10
7
10
6
13
8
5
10
14
8
11
17
5
8
6
6
7
11
14
9
15
7
11
11
7
6
7
7
13
11
11
14
10
15
10
10
14
9
7
11
16
7
16
5
11
15
7
8
4
12
6
6
14
8
8
