2
24
7
8
8
11
6
11
14
4
15
5
27
14
15
6
8
26
26
5
1
14
20
2
7
5
35
14
8
37
16
6
7
8
12
15
18
7
9
19
15
18
10
20
16
14
7
15
13
7
9
9
15
26
18
9
16
16
9
23
12
24
17
14
13
14
6
11
13
4
1
12
13
20
14
7
13
20
20
10
14
16
6
12
13
20
16
17
14
15
16
14
15
13
35
12
14
2
4
10
21
21
16
13
19
9
16
11
10
23
18
9
12
3
18
19
15
9
24
16
21
15
10
16
20
22
19
10
19
17
16
18
15
12
6
6
17
30
15
18
23
10
15
4
17
12
12
17
12
16
5
7
7
17
17
17
23
14
18
10
10
23
18
16
6
10
15
26
19
22
9
6
17
23
26
19
20
24
13
8
19
7
19
7
21
6
9
6
13
17
22
16
15
18
21
12
4
25
9
22
11
25
10
22
25
19
21
5
11
21
10
19
27
15
13
15
17
15
9
19
20
23
1
24
19
20
25
25
8
20
11
15
6
22
13
25
10
3
24
17
14
17
24
8
9
7
13
24
15
13
19
25
21
18
24
4
16
15
14
25
14
9
9
16
21
8
19
9
25
23
23
26
9
10
18
22
9
11
25
22
9
16
22
27
10
13
15
27
22
19
26
29
2
7
20
28
27
11
14
26
11
18
26
9
16
9
7
30
20
11
32
19
11
31
22
13
34
10
11
32
29
34
12
17
31
7
15
38
33
39
12
15
1
13
20
14
7
12
5
4
21
31
6
33
27
13
7
9
18
14
20
6
14
42
6
8
19
6
8
15
9
17
3
10
25
18
8
24
25
10
9
17
27
5
15
13
11
5
10
1
5
20
20
31
9
12
14
21
11
15
29
17
11
9
17
14
14
12
8
21
13
10
10
19
12
17
8
26
13
6
14
20
15
16
14
14
8
38
13
17
24
5
15
12
21
14
14
8
23
25
15
26
4
17
5
14
20
24
15
11
16
19
16
9
9
26
11
10
13
9
13
15
19
4
24
18
13
20
11
18
25
17
6
19
35
28
17
21
17
9
13
15
10
30
8
6
20
21
19
10
23
16
26
18
13
19
10
27
20
9
28
15
5
10
13
19
19
15
13
14
11
12
24
10
16
20
17
21
19
13
20
12
14
15
12
46
11
16
7
23
21
16
12
27
19
10
37
20
9
19
12
19
15
8
22
14
10
16
17
20
21
14
11
22
15
11
10
23
35
29
19
24
15
18
23
13
8
21
13
26
16
22
33
4
16
23
13
15
11
21
20
12
9
17
11
30
4
20
13
17
4
13
26
12
17
18
24
21
5
12
9
25
19
16
11
25
12
13
28
24
11
19
28
16
15
26
14
10
21
25
25
27
29
18
9
25
11
19
29
20
18
18
28
26
30
33
6
28
27
18
13
18
26
6
15
14
32
19
8
17
10
12
10
32
14
13
4
36
20
6
18
5
8
15
4
19
18
13
13
5
30
15
29
5
7
18
7
5
14
7
34
31
6
8
19
32
4
11
13
9
14
7
13
12
19
8
25
8
27
9
11
6
7
5
7
8
15
8
8
16
10
3
24
14
11
11
21
21
3
8
15
18
9
35
10
11
23
21
9
10
6
20
22
12
19
17
11
3
9
19
21
7
11
7
20
10
13
19
25
9
18
20
12
10
13
11
18
4
7
10
14
31
14
14
13
30
11
15
13
20
9
13
7
21
8
12
15
24
30
14
9
11
12
21
7
35
25
13
6
12
19
9
18
16
13
13
13
14
3
9
14
17
28
17
4
8
17
7
14
10
8
15
27
19
5
29
29
16
40
20
16
12
10
12
10
7
19
8
30
7
17
21
23
18
16
26
25
20
26
7
14
9
14
13
29
18
12
12
16
11
18
15
14
19
21
17
4
21
6
11
28
13
21
15
17
19
8
20
14
20
21
18
2
23
11
18
9
17
25
20
20
30
23
10
20
24
20
8
18
19
12
22
19
14
24
2
23
11
22
17
24
18
8
10
34
23
10
17
26
6
15
36
28
18
23
26
23
22
11
21
13
30
15
12
6
16
28
23
2
18
25
15
14
31
21
19
26
13
21
33
29
11
33
12
13
23
37
5
20
10
33
35
7
29
23
22
33
25
6
11
40
6
13
9
29
10
18
30
7
24
2
20
26
13
3
7
6
9
16
3
12
23
25
13
5
22
13
12
12
5
13
9
25
6
11
31
21
8
23
14
34
6
1
13
8
5
6
11
13
21
17
6
21
25
9
12
19
29
10
12
29
17
13
10
25
20
15
8
34
21
15
12
7
26
22
10
12
21
21
12
18
18
14
11
11
5
6
13
26
12
26
16
18
10
8
22
19
12
12
26
18
17
13
9
18
11
33
10
9
12
8
13
24
10
7
6
14
11
22
14
18
18
22
16
9
17
15
16
26
12
10
16
10
22
26
17
10
19
13
19
17
21
13
19
17
21
11
17
10
35
15
16
33
17
12
10
18
13
7
18
9
24
15
24
6
16
13
18
9
26
15
15
3
12
11
21
16
16
19
15
1
15
24
20
13
27
20
22
7
24
19
18
14
4
13
21
28
18
13
18
17
9
20
10
17
18
6
19
17
12
23
17
17
6
7
22
16
9
5
17
14
29
10
13
27
20
22
12
19
19
17
22
10
14
13
15
23
17
6
9
12
10
21
14
10
13
18
14
12
10
23
10
22
7
17
21
8
10
8
15
9
24
12
9
18
24
40
22
21
14
10
18
24
12
22
24
16
11
20
24
12
28
11
25
19
27
13
26
16
4
25
22
19
12
17
24
36
24
18
24
16
24
4
11
13
22
18
4
12
26
18
18
28
18
27
13
5
15
32
20
30
26
6
15
12
25
21
14
34
22
14
3
5
19
9
23
5
31
32
8
6
23
15
10
6
31
10
6
30
30
5
5
6
16
12
9
14
9
10
18
5
7
28
9
12
10
5
23
22
8
16
16
25
9
34
12
10
9
7
5
21
23
13
29
21
13
10
23
19
23
12
7
14
27
13
7
9
22
11
17
32
12
12
14
14
14
15
11
8
12
15
11
21
16
14
45
15
10
7
6
16
16
12
13
11
7
15
20
20
25
10
22
16
4
25
16
27
12
13
17
15
14
25
14
16
12
8
9
14
14
9
24
15
19
28
17
20
11
13
14
19
17
8
7
20
16
9
11
17
25
25
20
15
21
14
19
15
9
5
21
18
18
14
13
19
11
17
6
20
8
19
26
20
17
15
11
7
21
24
18
22
7
4
4
20
16
23
21
37
13
7
17
22
11
17
22
4
27
24
13
9
14
8
21
15
9
11
17
22
33
12
6
24
18
23
10
13
7
33
23
14
38
24
21
21
21
9
6
19
12
27
26
21
25
48
28
12
9
20
26
10
11
15
24
20
24
25
11
20
18
17
20
27
20
25
30
24
12
7
29
21
11
19
29
23
29
29
15
30
25
27
22
5
22
15
23
31
18
28
24
23
9
29
6
21
6
22
12
1
24
2
31
10
8
15
27
25
5
12
37
11
8
18
39
6
10
19
30
26
37
23
5
12
38
8
11
3
20
49
31
40
14
