3
10
11
11
8
26
8
17
7
14
7
7
15
11
9
11
4
11
7
5
12
5
17
5
18
12
9
7
9
13
11
16
16
7
10
6
7
14
10
11
12
7
7
9
9
9
10
11
10
8
10
9
12
14
10
9
9
12
3
11
4
9
11
9
10
12
17
10
6
8
12
12
9
12
14
8
10
10
9
5
13
11
9
6
20
6
11
9
7
6
10
8
11
6
7
15
7
6
10
6
7
9
9
11
10
11
9
10
8
11
9
8
14
19
10
16
8
9
8
18
11
10
13
12
8
14
14
9
11
6
23
9
16
10
9
9
9
7
5
11
9
10
14
12
10
11
6
16
9
13
7
11
10
11
8
5
12
10
8
13
14
10
16
10
12
18
11
7
14
15
11
9
6
11
12
14
6
8
13
11
9
6
14
8
10
16
7
13
10
8
10
15
9
17
8
12
14
8
6
14
8
11
10
9
10
8
6
5
8
9
9
15
10
16
12
8
12
15
15
13
14
7
10
9
10
12
8
12
7
12
15
7
10
6
14
12
12
7
7
8
13
14
12
12
10
5
12
6
11
5
12
15
8
9
13
11
6
12
9
5
10
14
12
7
6
7
8
18
5
9
15
9
9
12
9
7
11
11
9
11
9
7
10
12
10
11
15
9
11
14
9
8
5
11
9
12
9
10
9
10
6
5
8
12
14
7
7
9
10
9
13
6
4
12
15
12
3
13
9
11
16
14
7
10
7
13
5
10
18
7
14
7
15
11
12
13
10
2
7
16
8
12
13
5
7
9
6
5
5
9
7
15
11
14
11
17
5
6
11
7
13
16
13
12
15
5
8
11
6
9
9
9
16
14
5
7
7
15
9
9
15
17
9
8
10
8
15
9
16
11
8
11
14
7
13
6
13
15
9
13
5
6
17
9
8
7
5
7
4
13
16
10
17
15
18
14
9
13
7
11
18
17
15
7
14
8
8
9
16
20
