7
22
19
19
6
20
19
25
4
28
17
13
9
44
14
12
10
26
27
14
8
23
21
12
51
9
19
28
12
24
37
12
17
31
18
6
29
15
6
12
33
14
13
18
12
17
12
17
16
19
11
13
18
9
8
10
21
16
10
17
9
11
11
13
55
12
29
14
30
14
33
15
14
17
11
10
8
10
10
24
28
16
24
15
17
15
5
17
9
18
37
19
20
21
13
17
44
8
10
17
11
29
21
19
23
24
19
20
18
27
19
7
20
16
20
22
28
17
15
8
12
21
29
13
3
19
19
27
22
36
22
9
27
28
20
33
9
21
23
24
20
21
31
17
14
23
8
9
10
25
25
4
7
5
32
22
19
17
21
25
29
14
23
27
28
26
29
7
27
42
28
11
26
25
26
20
27
14
26
35
29
6
14
24
19
26
22
30
22
41
31
15
31
31
13
28
30
19
19
20
19
32
26
2
15
32
25
12
29
16
25
33
29
23
33
17
12
28
35
33
20
18
3
17
33
6
29
34
20
22
36
25
28
36
22
21
39
20
12
36
22
41
17
40
13
13
31
36
21
39
48
30
55
14
59
13
1
10
29
14
5
34
16
15
7
27
31
10
8
29
23
7
7
29
20
5
32
20
9
2
15
22
13
8
27
15
34
6
27
11
33
12
14
12
4
12
13
26
27
13
19
43
9
27
28
14
13
21
13
11
12
20
29
9
17
12
12
14
35
17
14
5
21
6
19
14
16
29
7
15
22
15
18
11
27
16
8
23
27
17
10
10
36
15
14
31
16
14
5
24
30
13
44
14
16
16
16
17
17
12
19
36
32
17
52
17
18
3
20
18
7
20
19
20
7
30
12
9
16
2
8
18
25
11
17
18
27
20
5
17
17
20
17
36
29
21
22
19
23
16
5
22
10
12
8
21
10
28
16
9
20
22
16
21
8
23
15
21
13
4
21
17
21
19
22
30
29
20
34
24
7
10
27
25
5
17
30
23
9
32
25
17
13
16
9
22
19
27
14
23
26
13
21
27
10
8
16
26
18
31
27
27
4
13
21
39
21
27
8
7
22
30
22
26
13
13
20
8
13
18
30
20
27
29
27
19
30
28
27
16
9
31
60
33
34
14
4
26
18
25
7
32
3
39
31
17
5
23
45
34
28
32
19
13
37
6
20
40
28
34
21
36
21
10
39
29
4
23
20
17
4
21
25
4
40
8
4
16
26
40
6
16
14
15
7
20
27
8
14
12
28
9
31
16
17
7
19
16
15
5
7
35
8
17
17
26
10
21
5
8
20
21
14
10
20
16
25
13
18
19
9
14
33
29
14
51
13
13
35
27
14
35
15
13
11
19
29
16
13
22
13
16
42
20
17
8
22
25
16
34
20
18
28
13
8
31
17
37
19
17
16
26
17
26
5
23
16
9
26
20
30
20
36
24
18
23
39
19
14
25
10
20
31
17
15
8
12
27
9
19
13
4
17
16
12
23
7
22
26
15
11
20
23
36
22
27
17
8
18
16
15
11
22
4
16
16
25
24
8
16
11
23
22
23
7
12
7
29
22
46
22
33
22
8
28
20
13
28
27
18
16
22
25
21
11
22
11
29
25
8
28
30
11
17
13
26
12
36
28
29
17
13
32
14
28
6
20
30
21
9
5
31
7
18
31
22
29
22
12
29
7
8
19
7
7
30
35
13
27
27
33
14
6
34
26
29
26
9
20
17
17
5
31
32
36
36
5
21
24
26
21
7
38
10
20
9
6
39
44
25
15
14
40
23
37
38
39
38
44
29
1
22
19
16
18
3
14
18
21
2
40
20
3
35
7
6
23
12
22
7
10
24
27
6
8
16
4
7
5
29
8
20
29
8
14
28
10
21
16
19
10
29
11
23
19
18
12
20
15
32
10
16
24
11
27
10
22
12
14
26
6
5
18
24
8
23
9
20
13
17
3
9
23
9
12
21
18
13
18
7
19
17
16
15
17
16
19
22
19
16
20
33
16
17
19
6
12
16
15
38
29
17
6
19
20
19
17
8
15
13
15
16
26
28
19
12
10
23
19
24
33
19
19
17
13
17
19
23
18
19
26
29
16
9
30
21
18
37
3
21
36
20
19
35
17
39
23
12
28
14
23
17
45
20
18
20
33
25
20
10
25
33
13
4
25
11
37
9
24
12
24
23
27
22
25
21
16
2
27
14
25
25
28
18
18
15
22
15
12
18
24
36
24
29
23
10
19
24
33
24
19
16
10
29
10
20
26
28
11
6
24
12
22
29
12
26
29
26
23
2
30
30
32
18
19
30
10
27
34
9
6
4
35
35
33
35
29
27
13
32
18
31
34
8
18
34
8
9
12
33
13
24
31
10
32
26
15
23
18
38
25
12
54
9
14
38
3
5
23
27
19
3
21
17
7
23
24
5
10
26
17
9
9
39
32
10
15
29
21
10
10
29
39
12
9
20
22
12
25
25
10
9
12
25
15
10
25
32
7
11
20
14
29
11
4
27
27
13
26
6
11
10
13
9
29
28
15
19
30
25
16
30
8
34
13
14
11
15
16
36
15
18
31
14
5
17
10
27
23
10
17
35
3
18
6
22
25
17
14
18
13
22
10
13
19
26
5
37
16
24
15
13
29
13
22
19
8
11
19
18
22
20
20
7
10
21
13
8
19
24
26
10
25
12
16
17
22
8
16
31
25
13
16
11
24
11
18
4
24
12
35
24
12
15
18
25
55
25
10
7
15
22
19
4
28
27
27
18
25
36
24
11
10
19
27
14
3
7
23
17
25
26
32
26
11
7
28
30
24
28
18
18
19
29
32
40
25
19
14
30
14
5
23
30
16
18
33
12
23
30
28
27
28
10
18
21
4
32
10
32
23
26
15
33
33
34
23
30
14
18
16
28
16
9
35
16
16
16
15
39
28
33
14
12
40
22
17
40
37
40
33
5
29
28
30
24
19
27
39
15
45
11
26
16
16
52
5
14
