1
5
6
6
5
10
8
22
3
4
3
3
4
8
3
11
2
5
7
2
8
5
6
14
4
7
5
5
5
9
11
3
10
2
6
5
2
14
5
5
10
2
5
10
18
6
8
10
9
5
4
8
11
6
4
10
9
8
4
4
5
6
5
9
8
4
3
2
12
7
7
3
6
11
3
4
11
10
6
9
2
4
12
2
10
10
5
8
3
6
3
2
3
15
10
4
11
7
2
3
8
4
7
9
7
5
10
4
7
1
6
4
8
4
4
5
10
11
4
3
7
15
7
7
17
8
7
9
10
8
9
15
2
3
4
3
8
3
7
5
13
1
14
5
9
4
13
7
15
7
5
11
19
6
7
10
7
7
3
4
11
8
10
9
9
9
11
6
14
3
1
4
7
6
4
5
8
7
3
17
5
5
7
8
2
6
5
12
13
7
16
5
9
7
8
4
3
14
4
3
4
10
7
7
4
5
9
12
4
9
15
4
8
5
13
7
6
6
5
6
4
2
12
8
8
4
13
6
16
2
7
3
3
4
5
6
2
11
3
5
1
5
9
15
14
8
4
9
9
9
5
6
11
8
8
4
6
5
11
9
9
16
5
8
11
3
5
8
6
2
8
2
4
4
5
9
5
5
16
7
6
13
7
6
6
6
3
4
8
8
9
7
13
11
1
10
9
10
3
1
7
5
12
11
8
5
4
10
15
13
7
7
15
17
4
10
12
9
3
2
4
7
12
2
13
3
3
9
13
8
5
1
3
8
6
8
5
12
4
6
7
2
6
4
16
7
11
12
7
4
10
6
11
3
5
5
3
8
7
3
7
13
11
9
2
11
6
15
11
9
10
8
11
5
7
6
4
9
13
6
7
7
13
6
9
3
19
5
2
6
3
