3
28
9
27
17
15
8
26
16
6
23
8
30
23
20
9
11
31
38
9
9
15
27
9
10
14
40
20
10
42
26
14
10
22
17
19
26
11
13
25
24
26
11
21
20
28
12
18
18
12
11
14
19
31
19
14
24
17
17
25
14
33
19
15
14
20
8
14
20
10
11
15
18
27
25
8
16
22
21
15
16
18
14
18
16
27
19
24
16
20
21
26
16
17
43
16
17
9
7
15
24
22
18
21
29
10
18
14
19
26
19
18
16
12
20
20
18
14
25
20
25
24
14
20
22
29
28
20
24
21
19
20
18
21
22
12
20
36
18
20
27
13
24
6
20
14
15
19
18
21
7
11
11
22
21
21
27
15
21
21
21
26
26
21
10
14
18
36
21
30
11
10
21
24
27
26
22
28
21
16
22
15
31
11
22
7
12
7
25
26
23
22
17
19
23
21
10
33
11
23
13
29
15
24
27
21
24
8
17
23
17
24
29
21
25
25
28
18
25
25
30
25
6
27
20
25
27
29
13
25
18
21
19
26
14
31
18
4
26
18
17
22
26
12
16
16
16
26
17
15
24
27
28
26
27
7
18
21
23
27
18
13
19
19
27
17
22
15
28
30
25
28
22
12
27
28
12
13
37
28
16
27
28
29
13
21
22
29
33
26
30
32
5
10
22
31
29
14
24
31
15
20
31
10
20
15
10
34
26
13
34
30
15
34
30
19
36
12
35
37
32
39
24
24
40
24
21
43
42
55
21
16
4
16
26
20
10
17
8
6
30
50
8
37
28
16
8
23
21
18
25
9
18
47
12
10
43
7
12
22
10
19
5
12
27
25
10
27
31
20
11
28
35
11
18
22
14
17
11
3
12
23
21
35
12
15
17
25
13
20
33
23
13
16
24
17
25
14
18
28
16
14
18
27
13
22
15
31
20
21
15
27
17
17
17
15
15
42
16
18
33
10
17
20
35
17
19
9
25
28
18
27
11
25
7
18
23
33
18
13
17
33
18
11
18
29
19
14
27
18
20
19
28
10
27
19
21
27
20
19
33
23
9
20
37
33
20
23
18
13
20
20
20
32
20
12
29
27
20
13
28
20
28
19
22
21
14
34
21
10
29
18
21
11
23
26
21
30
25
18
20
18
28
15
22
23
18
24
22
15
30
14
17
22
18
47
23
31
9
33
23
21
23
31
23
13
39
23
20
32
13
23
16
16
30
23
13
18
22
24
28
17
13
24
23
20
20
24
40
35
24
36
18
24
27
14
14
25
18
31
25
25
35
15
23
25
14
23
13
25
35
19
12
26
13
41
7
26
22
20
9
18
27
25
20
24
27
25
10
15
11
27
27
28
12
27
20
15
32
28
14
23
29
31
17
29
19
21
24
30
27
31
30
24
26
31
21
31
32
25
21
20
32
38
32
37
15
34
36
20
33
28
35
12
23
16
37
25
16
39
12
24
13
40
29
24
6
43
26
7
20
13
11
20
7
36
21
17
15
7
38
24
30
8
9
22
13
9
18
8
42
35
8
20
26
34
9
24
19
12
15
9
18
25
29
9
36
14
32
10
18
10
14
13
17
11
25
13
12
21
11
9
46
22
12
19
22
27
12
11
18
19
12
47
14
12
32
27
13
13
13
30
28
13
23
24
17
5
13
28
28
24
14
12
22
12
14
23
30
14
22
22
23
15
15
22
28
9
10
15
15
38
15
15
18
44
14
16
15
27
12
16
11
27
14
13
16
30
40
17
10
16
21
32
17
38
30
17
14
18
32
17
22
22
16
21
17
18
9
14
19
18
29
18
6
28
19
12
16
17
15
19
32
26
19
32
32
20
51
23
20
15
12
17
13
12
20
18
42
10
20
23
28
20
19
27
27
21
29
10
18
12
21
17
34
23
15
22
18
15
23
21
40
24
25
23
10
24
16
15
33
24
29
17
19
24
10
23
19
24
31
33
11
24
12
20
12
24
52
23
25
34
24
14
25
26
21
21
26
29
24
26
25
20
27
5
31
20
27
18
31
27
11
14
36
28
30
20
29
9
17
38
31
21
42
31
25
32
31
31
18
32
17
16
14
20
32
31
5
20
32
21
22
34
23
24
34
29
26
35
41
13
36
14
14
26
38
14
24
13
38
42
13
39
29
27
40
32
9
18
44
17
16
12
44
20
24
47
8
31
5
21
41
25
6
17
8
30
31
6
15
29
26
21
7
25
19
19
25
8
30
10
33
9
24
37
27
9
25
20
37
9
9
15
23
9
10
13
16
22
30
10
29
32
12
22
30
33
12
20
32
20
15
12
26
26
20
12
35
23
21
13
9
37
34
13
24
30
25
13
24
21
25
14
14
6
15
16
33
14
31
24
26
14
14
25
25
14
15
36
22
18
15
28
30
15
38
18
17
15
29
23
27
16
10
12
16
12
25
16
21
27
23
17
30
32
19
18
27
14
24
18
11
30
33
18
14
21
21
20
18
25
14
20
18
33
20
19
18
40
19
17
36
20
19
12
25
27
11
20
10
33
20
29
9
22
19
21
10
35
22
21
6
26
12
24
21
18
26
21
12
32
25
21
20
34
21
27
10
33
22
23
16
11
21
22
31
24
16
22
29
15
22
20
21
24
11
22
23
18
26
23
23
24
13
23
23
20
26
23
20
41
23
20
33
23
38
16
24
26
24
25
13
20
19
17
25
25
7
15
14
12
25
33
20
16
25
24
31
17
25
17
24
8
24
25
10
12
12
19
11
26
22
24
25
26
42
29
26
19
17
27
26
28
38
27
22
15
27
27
19
32
13
27
22
32
17
27
23
7
27
27
27
21
27
31
41
28
19
25
21
28
5
21
25
29
26
16
21
30
20
19
30
31
31
19
19
25
33
24
41
34
10
22
17
35
22
23
38
25
16
6
7
22
22
30
8
37
39
14
8
44
21
12
8
51
19
8
35
34
8
10
11
20
14
11
16
10
21
24
15
11
43
22
18
13
13
26
40
13
20
28
32
13
36
29
16
14
16
7
28
32
14
39
28
17
15
25
22
32
15
9
38
30
16
14
16
30
16
26
47
17
23
23
21
17
19
26
17
18
17
18
32
23
17
67
17
16
13
11
29
17
21
23
18
15
18
27
21
31
18
24
21
7
29
18
39
20
17
18
21
25
34
19
23
22
9
10
19
21
18
30
19
28
33
21
26
19
15
16
21
19
16
17
21
27
14
12
21
30
33
22
19
27
24
22
17
11
15
29
22
25
15
18
23
24
22
12
23
12
28
30
23
21
21
19
12
24
29
23
24
11
7
5
25
18
24
24
39
24
10
18
31
13
25
28
6
31
25
18
13
24
9
25
18
14
12
27
26
35
18
17
26
23
34
15
27
14
38
28
22
40
28
35
30
28
15
10
23
21
29
28
30
29
58
29
13
10
22
29
17
16
29
30
26
25
30
18
29
31
34
22
31
21
33
31
34
15
15
33
23
21
20
33
25
31
34
16
33
34
29
23
8
34
19
30
34
19
35
35
29
22
35
15
26
12
35
18
9
26
4
36
14
15
19
36
33
15
14
38
19
18
21
40
8
11
27
41
35
42
28
11
16
42
14
14
5
22
60
32
63
16
