3
8
7
8
9
11
20
14
13
7
13
9
10
11
9
19
10
9
7
7
10
6
9
7
14
14
23
7
11
16
7
8
11
17
14
7
9
5
7
7
8
11
4
7
13
8
6
7
17
13
13
9
18
10
9
16
14
5
7
8
18
6
12
19
9
10
9
8
11
12
7
6
5
12
13
10
10
6
17
14
10
10
12
12
6
8
10
8
5
20
13
11
11
14
15
7
9
19
21
8
8
18
8
8
9
9
5
7
15
14
8
10
9
13
20
11
7
15
12
9
6
7
13
9
6
21
11
11
9
12
13
6
4
8
12
9
11
10
21
16
10
18
4
8
10
15
14
9
16
16
13
13
11
7
15
10
10
9
15
9
10
12
12
10
6
4
6
6
8
10
9
16
8
5
6
15
6
7
14
8
16
7
4
8
10
8
7
7
10
17
10
8
10
6
17
8
11
10
10
16
10
24
9
8
13
9
6
9
8
16
10
9
9
8
13
14
7
12
7
6
7
9
8
6
7
13
6
15
10
13
8
4
14
7
11
18
15
4
14
16
17
10
5
20
9
15
7
5
7
16
12
10
6
8
10
6
13
8
9
3
20
7
8
9
7
20
8
12
13
10
9
7
7
11
11
10
11
12
10
8
11
9
25
9
12
11
18
4
9
12
10
11
11
11
11
13
11
13
15
7
8
11
11
10
4
7
11
8
3
10
17
12
11
9
9
13
8
11
12
5
16
11
11
7
13
6
19
18
14
13
9
10
8
16
5
14
6
11
6
20
14
10
5
9
15
5
5
10
13
15
8
6
7
5
8
15
10
15
8
13
8
15
7
8
7
8
12
12
5
4
9
12
10
11
19
8
7
6
10
9
8
5
17
10
15
7
10
10
15
9
15
11
12
17
6
11
9
10
14
10
17
8
7
7
12
8
7
7
15
11
8
9
9
9
15
6
9
5
9
15
7
16
14
