2
17
8
9
12
8
5
4
11
20
5
6
8
30
9
4
9
31
3
21
7
12
26
10
10
8
12
16
29
10
14
10
10
18
10
8
34
11
17
11
9
4
13
14
9
17
9
23
7
10
24
8
9
9
8
9
38
12
12
29
26
12
30
24
13
20
14
25
12
16
27
17
11
11
4
5
24
9
30
23
12
15
24
9
14
29
5
2
13
21
14
8
13
15
34
27
15
4
10
12
13
15
12
23
20
13
13
16
17
15
6
36
16
18
15
22
13
21
27
13
15
15
13
17
16
16
10
14
14
16
24
17
18
18
7
20
12
18
16
14
15
24
17
13
27
6
13
5
5
11
21
15
18
5
24
19
6
16
5
23
33
17
11
20
23
20
6
21
16
6
19
22
19
12
20
26
19
17
18
11
20
20
12
10
10
19
17
9
16
20
30
38
17
21
24
22
12
18
20
19
11
17
10
20
18
21
19
20
12
12
12
22
4
11
11
12
15
3
3
14
10
5
22
31
22
7
19
10
8
31
6
12
4
8
19
15
23
23
8
30
23
19
9
21
20
13
23
23
10
18
12
11
12
21
24
8
16
20
9
25
9
23
22
18
12
11
24
20
17
22
33
22
16
16
25
6
22
26
26
20
14
20
28
17
25
4
24
14
13
13
27
17
29
32
17
14
10
29
29
13
28
16
5
31
33
22
15
15
26
22
13
12
31
13
18
37
13
11
40
11
13
10
5
9
19
16
14
2
15
7
23
17
5
12
7
11
21
10
5
18
11
15
11
6
9
11
12
8
20
25
25
4
7
4
15
11
9
17
6
5
14
10
16
7
24
9
11
14
6
25
10
17
15
10
10
12
35
9
9
36
35
9
11
9
13
10
17
14
8
15
17
12
20
11
36
13
10
31
12
14
13
15
12
14
7
7
12
5
9
19
20
9
12
15
14
15
15
19
22
11
7
12
12
14
11
10
8
33
9
5
15
24
25
15
14
18
20
15
10
18
8
12
15
16
8
10
9
13
8
21
10
21
12
15
10
9
17
34
11
18
15
15
25
17
6
19
40
11
27
9
27
16
11
24
18
17
28
15
21
12
38
8
13
16
8
11
14
15
16
20
26
16
6
21
15
10
26
22
6
17
15
23
6
11
18
13
7
10
14
39
13
16
23
6
12
22
10
26
9
22
18
17
8
23
11
20
28
25
20
23
16
10
19
30
19
18
14
7
32
8
6
24
27
14
3
30
19
6
13
9
17
17
14
14
15
19
16
23
19
28
15
21
8
27
10
25
5
5
20
12
26
11
3
8
21
25
20
13
9
26
19
30
25
15
14
25
12
10
21
4
18
24
23
15
9
27
13
8
7
25
29
29
28
12
10
9
29
4
20
16
31
5
20
29
35
6
24
10
26
19
18
27
32
16
9
17
21
23
8
34
40
36
13
10
7
35
14
18
6
17
23
5
23
5
16
14
6
19
5
23
14
7
28
20
24
8
21
11
17
8
28
13
7
19
8
18
14
9
20
28
9
14
8
22
27
10
22
13
18
4
7
5
15
10
8
9
7
15
5
10
11
19
16
24
11
18
11
17
12
10
10
37
25
8
8
6
11
5
21
22
12
14
10
15
13
12
25
16
26
12
18
10
44
12
13
14
27
12
22
24
10
9
13
9
10
13
5
19
3
6
18
12
12
11
14
16
7
6
12
22
30
11
9
38
12
22
20
14
12
26
11
15
15
17
17
12
16
22
10
7
12
8
8
11
9
16
16
9
28
14
14
19
26
13
16
13
5
12
17
18
16
14
13
18
7
13
20
14
6
14
10
21
15
21
29
14
22
3
9
19
16
25
9
16
13
13
5
7
20
11
14
13
17
16
20
15
18
29
16
10
22
38
6
17
14
8
26
16
11
15
12
13
16
21
17
10
8
15
17
19
30
20
13
9
9
21
14
14
7
16
24
5
5
1
25
14
12
16
26
26
21
25
8
6
33
25
10
25
6
25
3
21
15
25
14
22
16
23
28
24
12
17
18
23
13
19
26
16
6
19
25
24
28
29
20
21
25
21
16
29
32
12
13
20
11
32
21
16
30
12
18
25
23
14
29
26
9
10
22
27
11
27
30
12
18
17
33
11
24
32
35
35
15
8
19
37
18
2
5
35
8
6
4
7
3
18
13
8
10
8
5
15
14
7
4
33
5
10
23
7
4
13
2
19
30
5
12
13
8
26
5
17
10
19
7
9
27
13
6
5
14
13
15
7
18
10
8
13
8
23
5
15
10
19
19
12
10
12
15
22
19
9
11
30
13
7
11
12
11
27
9
9
16
7
13
9
13
19
10
17
5
13
2
26
14
11
16
21
13
4
18
23
12
8
17
30
16
15
5
29
14
29
14
24
14
27
9
5
22
13
14
16
20
8
6
15
9
23
17
14
20
22
16
11
30
11
8
16
17
22
10
16
5
7
3
8
7
15
9
16
33
15
20
24
12
17
1
16
8
4
17
16
5
20
17
6
12
20
10
17
18
18
10
7
17
21
7
26
18
15
15
19
17
10
6
13
15
9
13
13
16
19
9
10
15
15
17
10
12
19
28
10
6
9
20
33
13
6
20
13
23
26
20
15
16
10
21
23
38
18
8
14
16
11
16
7
15
25
20
11
25
10
17
17
15
23
15
5
21
11
19
25
15
23
24
15
7
21
19
11
15
20
36
23
9
14
18
16
12
14
20
21
14
19
13
25
3
24
22
24
17
7
11
25
27
25
11
13
3
24
10
15
23
25
13
15
24
12
17
14
26
18
37
2
21
45
28
28
13
22
11
6
30
20
21
22
11
20
11
11
27
21
27
21
10
20
31
22
19
13
29
17
13
32
28
11
28
28
23
36
12
13
23
37
25
25
31
14
21
3
25
14
9
3
9
6
22
5
11
17
26
6
19
33
19
6
36
12
24
5
18
10
14
7
23
27
10
22
14
11
7
22
25
15
12
31
10
20
12
11
6
9
12
16
9
22
17
10
10
16
16
10
11
9
20
14
12
8
14
11
5
13
11
22
15
11
8
30
16
18
32
17
13
11
22
15
13
9
13
9
17
6
13
12
10
14
10
12
13
16
17
6
23
17
12
6
14
18
13
10
21
11
17
17
23
16
27
7
17
28
16
11
19
27
8
14
17
18
20
14
19
11
21
20
7
15
12
19
31
27
22
19
8
13
10
21
21
17
7
13
22
14
23
6
16
19
21
26
4
17
20
9
23
14
18
33
5
23
23
6
6
10
16
21
27
6
21
34
14
20
16
28
18
21
19
15
20
18
16
11
26
23
15
20
7
25
18
15
17
21
38
23
17
8
6
24
18
10
24
21
22
9
26
20
14
17
18
9
20
15
9
22
13
17
16
6
17
12
3
33
25
8
15
17
26
19
27
26
3
23
11
19
21
28
17
26
16
5
23
29
8
27
17
29
5
10
16
11
30
10
11
21
31
18
19
10
29
15
11
18
21
26
13
30
19
23
33
20
15
31
30
28
19
22
32
23
24
29
13
8
26
17
14
10
27
12
12
18
36
8
17
37
27
9
26
24
37
15
20
6
45
28
4
