1
9
4
7
18
5
9
2
16
27
15
20
5
7
6
7
11
11
10
5
4
18
14
15
7
2
20
10
11
11
4
5
3
10
10
7
13
5
4
10
11
7
17
14
9
2
12
14
11
11
14
10
15
27
18
7
5
9
16
8
26
8
9
17
22
10
2
8
11
11
19
10
15
15
10
13
16
21
10
12
18
10
7
9
8
15
23
17
15
9
13
19
10
24
11
15
11
17
9
13
21
14
9
19
11
16
12
9
6
14
5
18
20
10
6
11
15
11
17
7
15
16
12
24
11
5
14
16
3
16
21
18
5
14
10
19
4
16
8
16
13
17
21
16
7
16
20
17
18
17
22
9
2
5
10
10
12
15
15
12
6
20
25
5
19
6
16
2
13
17
12
22
6
16
18
8
9
9
7
12
3
7
11
24
5
8
11
6
8
20
5
8
19
16
8
3
4
9
12
7
6
20
3
14
18
16
14
4
7
10
7
9
12
18
10
5
14
21
8
11
13
16
2
15
15
12
22
6
5
17
7
12
13
5
10
7
13
10
10
9
11
5
9
10
7
13
14
11
15
13
20
10
10
15
14
16
16
13
22
14
8
14
25
9
13
14
7
9
15
10
18
16
22
6
1
8
11
12
12
8
7
3
19
11
8
12
10
11
10
11
13
9
8
5
9
17
14
21
9
19
16
9
14
11
15
7
19
4
16
17
20
3
7
7
9
10
20
21
12
10
21
19
25
2
19
8
13
23
9
7
7
17
12
19
24
2
15
14
17
24
4
12
12
12
24
5
10
15
17
8
9
8
15
23
12
13
8
13
4
11
8
6
5
10
1
9
13
7
8
9
4
13
16
15
6
14
7
16
12
11
3
15
17
14
2
14
11
10
15
18
20
7
10
19
17
10
10
9
9
19
25
13
5
25
5
15
7
11
13
7
22
15
13
5
9
6
11
19
5
13
18
11
11
14
11
12
12
12
16
13
22
15
11
13
6
6
3
11
15
10
7
2
12
17
10
15
8
9
15
12
10
9
17
8
13
9
17
18
10
11
11
15
2
5
11
6
12
14
9
6
27
17
16
16
9
16
1
9
20
23
15
4
14
20
2
7
12
11
7
21
9
18
5
6
22
8
19
6
5
6
10
12
17
2
7
7
4
7
19
5
14
17
10
8
11
2
11
10
16
16
18
5
9
19
5
10
11
10
5
6
6
16
15
4
16
15
11
13
9
15
23
8
8
8
7
6
15
19
8
11
17
14
13
10
7
8
8
13
13
8
16
16
7
6
12
3
7
7
19
6
3
8
20
16
20
13
5
10
7
7
14
7
26
6
18
8
16
12
16
21
13
12
15
16
20
12
19
21
17
8
17
20
10
6
9
14
12
10
8
8
17
15
9
18
8
4
14
17
22
12
10
3
7
14
19
15
7
21
17
16
23
15
12
13
19
11
20
14
24
5
16
18
22
5
2
11
1
25
7
6
15
8
5
3
5
9
9
21
12
6
3
5
19
7
13
14
4
9
9
20
1
13
3
4
17
4
14
12
17
7
14
9
20
11
4
7
17
9
6
12
15
11
8
24
6
3
15
6
7
18
14
10
9
10
12
22
11
10
17
3
7
20
14
10
11
12
12
11
13
11
7
6
18
10
6
22
25
12
12
8
23
19
4
4
11
19
14
15
10
7
6
16
15
6
9
13
12
12
4
8
12
10
10
4
22
11
10
10
8
3
16
5
28
11
10
13
4
11
12
14
2
7
11
3
3
10
9
14
3
6
13
8
16
13
9
5
16
8
15
16
12
14
17
16
18
20
20
5
6
2
13
20
16
7
6
18
11
13
18
19
13
16
22
9
10
15
16
23
7
15
17
5
