8
33
27
25
8
36
22
32
8
35
19
15
11
52
16
16
12
32
30
18
12
43
23
13
57
13
29
40
13
41
42
14
19
36
24
14
37
19
29
14
38
18
14
27
13
31
15
25
25
31
15
20
25
10
16
31
25
18
16
27
13
12
13
16
62
16
31
18
31
16
36
20
17
27
29
14
12
18
11
33
37
18
32
16
19
24
28
19
19
19
38
20
27
32
19
20
47
11
16
21
23
31
23
21
25
30
21
22
19
28
22
13
32
25
23
39
29
23
20
9
14
23
38
14
10
23
39
30
24
42
24
12
31
31
24
44
25
37
26
26
27
26
35
20
16
27
9
32
18
27
36
12
12
27
35
25
27
19
32
27
33
21
28
32
35
29
36
17
29
53
30
20
29
30
35
30
30
17
30
40
31
12
25
26
31
31
23
32
24
42
32
18
32
32
17
36
33
33
34
31
31
34
28
4
20
35
33
15
35
24
39
35
33
28
36
18
14
31
36
36
37
20
7
26
37
18
36
37
23
27
38
27
33
38
24
29
42
23
17
42
26
44
23
45
16
22
48
39
50
43
53
45
60
26
61
16
4
42
31
15
8
37
19
28
9
35
38
14
9
39
24
12
10
35
50
10
40
26
11
9
22
25
18
12
33
16
37
12
31
13
38
14
15
27
21
14
19
29
30
14
28
48
14
29
30
16
14
28
15
21
15
27
36
16
27
18
15
16
37
22
16
15
25
8
27
16
18
32
17
24
41
17
19
14
40
17
10
26
37
18
13
12
37
18
15
39
26
19
12
28
34
19
59
21
19
17
38
20
28
16
20
39
35
20
58
19
21
5
29
21
8
29
20
21
15
42
21
16
33
7
11
21
26
14
20
19
39
22
7
23
20
23
22
43
32
23
27
23
28
22
9
24
20
20
19
24
22
32
24
21
24
24
25
30
11
25
17
23
19
7
25
21
28
21
25
32
36
25
50
26
12
17
30
26
9
19
35
26
14
41
26
23
15
20
15
27
32
28
17
33
28
18
32
28
19
24
17
29
27
35
29
30
7
16
30
45
23
31
17
8
40
31
25
27
32
18
32
11
17
33
32
26
36
33
37
22
34
57
34
19
11
35
64
35
35
17
8
36
19
26
10
36
10
49
35
18
12
37
47
38
31
39
21
22
39
9
31
41
29
41
24
46
25
18
48
38
6
25
23
19
6
23
42
6
45
9
7
18
28
45
7
28
17
22
8
33
42
9
15
34
29
10
42
20
19
10
22
26
21
10
16
52
10
26
34
29
12
31
36
12
23
22
25
13
27
23
28
14
34
20
19
15
35
32
15
54
30
15
38
31
16
60
17
17
13
32
31
17
21
26
15
17
51
27
18
12
32
27
18
38
22
19
41
16
19
43
20
42
29
20
22
31
20
39
15
25
21
29
34
21
33
21
37
27
22
24
43
22
20
26
13
22
46
20
22
14
15
34
13
22
20
12
21
23
23
31
17
23
28
23
15
23
25
44
23
29
19
11
24
19
17
21
24
5
24
18
27
25
10
29
16
25
24
27
25
17
12
45
26
47
27
34
27
9
39
27
23
32
28
19
18
26
28
22
13
29
14
32
29
17
37
31
12
21
32
31
14
42
32
33
29
32
37
18
33
10
32
34
23
13
10
34
20
22
35
26
35
37
16
35
13
10
21
9
10
35
38
17
36
55
36
39
10
36
29
33
36
11
32
18
37
16
41
38
47
38
10
24
25
39
25
34
41
11
22
12
12
41
46
42
16
30
43
30
45
40
48
44
49
31
4
24
21
20
30
5
20
30
22
5
54
22
6
52
12
9
27
28
34
10
18
29
29
10
10
29
6
11
18
54
11
32
32
12
22
41
12
30
26
21
13
47
13
27
20
21
13
24
19
34
13
24
38
14
29
12
35
14
27
29
14
13
19
26
15
31
10
42
16
19
4
13
36
16
16
23
19
17
24
14
26
18
19
18
26
18
22
28
20
18
23
36
21
18
22
20
15
21
19
40
32
20
18
30
26
20
18
16
21
14
20
17
27
30
21
34
17
26
21
25
40
21
22
20
20
21
26
24
20
22
35
31
23
13
38
23
22
40
7
24
56
24
22
43
24
43
25
15
34
15
25
21
50
25
43
25
46
26
28
16
26
38
16
10
26
15
47
11
27
15
34
27
32
27
28
23
25
8
28
19
37
28
37
28
26
24
28
20
19
22
29
40
28
30
28
12
29
30
34
30
26
19
12
30
16
25
30
30
12
7
31
18
31
32
21
45
32
30
25
9
32
31
34
20
30
34
13
29
35
30
8
5
36
36
36
41
37
34
17
37
20
32
38
9
35
38
32
11
13
38
22
33
39
27
39
27
40
26
22
42
29
26
56
11
31
75
5
9
26
29
26
6
33
43
10
43
26
10
17
32
20
15
11
42
33
13
23
40
23
13
14
31
41
13
16
21
27
14
30
34
16
14
18
46
21
15
27
35
10
15
29
15
30
16
13
37
31
17
34
9
17
21
17
12
31
35
17
20
33
28
17
31
13
37
18
17
21
19
19
42
19
19
32
15
9
20
20
29
25
20
24
39
10
20
8
29
28
20
22
28
20
23
14
16
20
30
10
39
22
26
20
22
44
17
23
30
15
23
24
27
24
23
24
9
23
24
15
13
20
25
27
15
26
14
18
21
26
17
18
33
26
19
21
16
26
34
21
12
27
18
46
27
20
19
22
27
68
28
17
11
31
28
22
7
34
28
32
21
28
39
28
22
13
25
28
26
15
12
28
20
27
29
41
29
13
16
29
34
26
31
23
27
32
40
34
53
34
37
20
34
19
13
25
35
17
28
35
17
27
35
38
35
35
15
36
47
6
36
15
45
37
38
17
37
53
37
25
36
38
29
25
39
23
11
39
19
21
39
18
41
34
41
16
17
42
28
19
42
43
44
38
12
44
30
45
27
47
40
47
17
59
26
59
17
21
64
8
17
