4
30
15
14
18
16
5
22
15
13
25
13
7
9
11
9
17
8
10
9
20
11
18
13
11
17
9
28
10
14
19
9
25
19
16
11
9
10
16
15
14
16
16
10
15
13
15
22
10
7
14
24
15
21
11
4
20
22
34
12
18
25
14
28
12
23
16
21
27
12
15
14
16
11
15
11
12
15
17
14
7
23
13
13
18
26
29
14
9
8
16
32
14
7
20
22
13
16
7
15
17
27
16
23
15
17
15
21
10
15
18
17
22
22
16
17
17
18
14
16
19
18
24
23
15
19
14
17
17
11
12
19
19
11
18
15
20
16
11
10
11
16
14
20
14
16
12
17
21
14
3
13
13
11
12
21
20
14
7
15
16
22
17
11
19
17
5
25
22
22
26
3
9
11
10
14
12
11
19
8
21
21
18
21
9
14
8
13
21
9
15
10
9
29
20
14
13
9
17
26
23
17
9
23
13
17
23
12
10
9
13
11
5
15
12
17
11
11
10
13
11
24
19
11
11
18
12
22
12
11
23
15
14
17
11
17
6
23
24
9
8
12
21
18
8
13
7
19
13
20
20
14
21
14
8
20
17
9
14
10
14
3
15
7
16
18
21
15
24
18
25
12
15
12
13
22
17
16
23
15
26
17
16
12
12
6
16
27
9
16
12
13
19
6
23
17
16
16
19
26
17
14
5
22
10
8
15
17
11
11
11
22
25
18
13
9
9
12
16
12
18
17
3
15
19
21
18
15
18
18
25
19
13
10
16
19
13
9
20
24
14
27
21
10
20
7
15
16
27
13
13
19
21
5
16
12
16
13
12
15
7
5
18
7
7
7
8
10
7
21
8
8
17
19
8
22
6
9
8
8
10
21
15
18
17
8
18
19
7
18
19
9
20
14
10
13
17
9
19
6
17
14
15
19
9
7
24
14
13
10
14
9
18
23
15
26
9
16
11
11
13
18
15
9
16
23
13
12
16
10
8
24
14
16
24
10
9
17
6
10
23
14
10
11
29
19
9
11
10
10
12
13
15
18
27
8
12
10
16
21
15
13
15
29
11
14
15
13
14
11
26
22
15
26
9
13
19
14
17
17
22
19
11
18
12
15
6
13
7
13
18
24
18
14
17
19
13
21
20
16
19
17
13
20
18
19
19
8
15
22
11
20
7
20
8
16
20
18
16
16
23
20
19
13
16
12
14
25
10
18
9
14
9
9
26
24
15
9
8
10
7
20
13
13
16
10
16
8
20
7
17
14
11
20
10
15
16
11
10
23
11
8
16
22
16
21
11
3
13
21
18
11
18
12
14
25
13
18
12
14
4
20
16
20
11
13
14
7
12
15
13
13
15
18
12
10
21
13
16
15
23
21
5
14
9
23
23
14
14
10
6
14
13
16
9
15
14
12
14
9
15
16
10
15
8
17
15
23
5
12
15
24
18
14
17
15
12
21
9
23
15
16
3
21
26
15
16
14
8
15
17
26
16
15
16
17
18
18
11
13
28
22
19
10
18
11
15
6
16
19
24
7
25
12
10
19
14
24
19
17
19
18
17
20
21
21
7
17
23
16
8
22
17
14
10
20
22
9
11
26
10
15
22
16
16
16
14
22
26
18
18
9
22
26
6
19
6
15
5
19
15
13
30
6
14
25
17
11
18
6
12
13
13
14
22
15
7
5
10
19
7
11
10
10
19
8
11
10
22
13
11
18
8
8
16
16
14
27
9
14
6
17
14
18
17
10
15
8
14
14
17
17
10
11
14
18
16
10
14
10
18
8
17
32
10
8
17
12
10
8
12
11
10
22
20
22
9
10
14
12
8
16
19
10
10
10
14
14
7
8
15
6
12
16
7
38
26
13
13
23
20
13
5
11
13
21
14
9
23
13
13
16
6
19
6
12
20
15
14
18
14
13
18
16
12
20
8
11
24
18
15
24
12
15
7
18
12
9
20
29
5
18
28
20
17
13
18
17
16
27
12
18
20
15
9
13
13
20
16
14
19
5
6
17
22
14
18
13
21
10
23
12
29
11
15
8
23
12
14
14
13
17
28
15
17
6
17
11
