1
19
8
15
12
12
5
5
17
4
5
5
8
9
7
7
6
6
7
16
14
5
9
9
3
8
3
23
9
14
6
7
12
10
4
6
10
15
5
4
11
9
11
12
3
12
11
8
7
5
7
9
7
7
9
3
10
7
9
9
11
5
7
8
9
20
9
5
6
5
7
11
11
23
12
14
6
9
13
13
6
7
7
11
20
3
8
10
12
9
13
7
16
11
10
12
8
10
3
19
7
11
4
16
13
10
8
10
9
4
10
13
19
13
14
8
10
9
14
13
8
8
12
16
10
14
7
14
4
5
12
5
8
14
6
13
7
11
10
12
10
8
10
6
10
5
10
2
8
4
8
16
16
10
10
11
7
11
18
12
11
9
15
9
16
18
8
10
13
18
11
10
5
19
11
21
9
7
13
20
24
11
4
10
4
26
16
14
10
2
18
4
12
8
17
6
12
5
4
12
16
6
10
13
18
7
8
7
4
5
10
6
6
8
7
4
10
11
8
10
7
5
12
4
5
8
13
5
3
13
8
4
11
17
9
10
19
7
15
10
5
4
7
13
4
11
4
14
8
5
11
13
7
8
19
10
13
10
7
5
11
10
11
16
9
21
8
8
14
14
12
13
17
3
3
13
20
7
7
8
15
10
9
13
8
4
11
7
11
3
5
8
13
8
13
12
13
10
11
10
4
4
14
6
5
9
14
3
10
27
8
8
12
9
18
11
11
7
15
25
28
14
8
12
9
6
15
15
2
7
19
3
12
16
9
9
19
10
12
12
5
7
26
11
8
16
10
14
15
17
13
7
5
8
6
3
17
11
16
1
10
1
4
15
11
10
7
8
8
13
23
10
8
11
14
4
12
14
10
8
12
9
2
16
2
14
18
9
7
11
9
18
11
4
9
13
13
5
6
11
4
5
13
11
6
27
8
10
12
12
6
18
8
12
8
16
7
4
11
8
17
9
12
13
7
5
16
8
17
7
5
12
10
5
7
17
6
7
8
11
11
8
7
15
16
9
12
5
8
9
4
14
12
10
15
16
20
7
11
16
5
15
9
7
8
3
14
6
7
9
8
4
9
13
7
12
12
16
8
3
12
3
8
12
12
4
11
6
14
7
9
13
7
7
10
15
12
9
19
17
12
5
15
13
8
19
3
9
15
12
9
24
20
12
5
8
8
8
11
15
18
9
3
2
7
18
9
15
11
11
8
3
4
2
10
15
9
8
9
9
10
10
10
11
9
20
4
6
11
13
9
5
21
12
10
13
12
9
5
16
16
8
5
12
6
6
12
18
3
12
4
5
11
5
16
10
14
9
9
9
10
6
4
19
6
8
10
6
6
10
7
8
16
11
20
13
8
5
8
9
10
6
9
12
4
13
5
13
6
11
9
10
9
8
12
8
5
16
9
16
13
6
3
8
7
7
11
13
5
8
3
6
9
10
11
4
11
7
13
7
2
17
10
7
8
9
9
13
4
19
8
8
5
6
15
22
12
12
6
16
9
8
7
7
7
10
13
8
4
13
14
11
10
2
8
8
12
12
12
7
8
7
5
12
7
12
12
14
8
7
5
9
21
6
4
17
5
7
12
8
4
16
22
16
21
13
15
8
12
9
10
13
28
2
13
8
17
15
9
13
19
7
11
19
10
9
18
17
18
6
11
19
12
7
22
4
6
16
20
6
7
10
10
3
8
5
15
19
4
9
4
7
19
5
12
10
5
4
3
8
6
10
21
7
27
9
15
13
7
7
3
13
11
18
15
7
9
6
7
11
5
16
7
5
21
9
8
13
8
12
9
3
10
4
4
8
14
5
14
18
9
2
6
9
8
7
6
4
13
5
10
2
9
14
14
17
8
10
26
5
6
13
7
10
12
4
4
11
9
6
5
9
15
13
16
7
21
12
7
16
10
11
14
9
8
7
10
5
16
15
6
6
7
8
18
12
5
1
7
20
5
22
13
12
10
11
8
11
4
10
13
9
4
8
14
7
2
14
5
11
14
16
15
22
17
18
11
10
12
11
12
12
9
12
14
20
13
8
7
10
12
25
10
15
6
11
9
10
7
10
16
3
9
13
18
4
5
10
1
8
15
22
13
11
7
6
7
3
