1
22
6
13
11
12
2
7
12
10
14
8
5
5
3
5
11
5
6
5
15
8
17
12
6
12
7
17
8
12
16
8
21
16
14
6
7
4
13
13
7
12
14
9
5
10
7
13
7
4
12
11
9
13
5
2
7
14
19
9
8
17
11
25
8
21
13
12
19
7
7
13
7
9
11
5
6
6
8
6
6
15
11
10
13
23
21
12
5
6
14
19
12
5
18
13
5
8
5
10
8
20
14
20
13
15
13
19
5
13
14
11
19
18
10
13
9
13
12
15
13
16
20
20
13
15
4
14
9
7
8
15
17
8
12
14
17
13
7
9
4
14
12
17
7
11
5
10
13
11
2
10
12
9
7
19
17
10
4
10
9
14
7
9
17
14
4
22
19
19
14
2
8
10
7
10
11
10
10
6
11
19
11
11
6
11
6
9
13
3
11
7
8
22
18
10
9
8
11
17
6
16
4
15
8
14
17
8
5
3
4
7
1
10
10
11
9
10
5
11
9
13
18
6
10
12
10
11
10
9
12
7
5
6
9
6
3
16
19
8
5
10
9
17
6
10
4
12
11
17
17
9
18
13
5
13
8
6
12
8
10
2
14
5
9
12
11
13
20
16
19
11
13
8
6
14
11
9
8
14
24
16
9
8
7
2
13
23
4
11
9
7
12
5
13
14
15
12
14
18
13
11
2
13
8
7
11
14
4
7
8
13
20
16
11
7
4
9
14
10
12
12
2
13
15
18
16
11
13
12
19
16
5
8
14
11
11
7
13
13
13
25
19
5
10
5
11
13
21
10
12
15
13
4
14
3
10
5
11
7
3
2
16
5
4
5
6
8
6
17
3
7
10
15
6
10
5
7
6
7
6
10
9
13
8
4
17
13
5
14
14
5
14
10
4
10
14
8
11
5
16
11
11
10
5
4
17
10
8
9
10
6
13
17
11
18
8
12
1
6
2
10
14
5
14
19
10
10
9
5
5
16
11
7
16
5
8
11
5
9
18
13
8
10
17
8
7
8
8
8
11
10
12
16
20
6
3
5
10
18
11
9
13
23
9
12
8
8
4
4
19
18
13
12
7
10
14
6
12
11
15
15
7
16
10
9
5
10
4
6
11
18
16
8
13
17
11
11
19
8
14
13
4
19
12
14
17
6
8
15
10
14
6
10
7
13
15
14
15
13
19
8
14
10
11
10
7
13
9
11
7
12
8
2
23
7
11
4
7
5
5
14
11
9
15
7
11
7
17
3
10
11
8
14
6
4
13
5
7
20
7
3
10
19
14
19
9
2
10
10
12
6
7
8
9
20
8
15
11
8
3
12
14
12
7
11
10
6
9
12
11
5
5
17
4
7
13
8
11
12
21
17
4
12
5
13
18
12
8
6
4
9
11
8
3
9
9
7
12
8
11
8
8
7
7
10
3
19
2
10
13
20
12
11
10
7
9
6
6
15
14
13
1
14
21
7
12
13
7
9
12
17
7
7
9
7
13
11
9
11
18
13
16
8
16
4
13
5
14
13
19
6
17
5
4
13
9
14
12
12
18
14
9
19
15
17
2
15
21
11
7
20
10
9
6
8
20
6
8
16
7
12
15
9
4
11
8
15
24
13
17
2
18
25
4
14
4
7
3
12
8
7
29
3
10
18
9
9
8
4
6
7
9
10
9
8
4
3
8
18
5
8
8
9
18
7
3
2
18
11
8
15
7
6
9
15
12
25
8
10
3
10
10
15
13
8
14
7
12
10
15
14
6
6
12
13
11
8
4
5
17
2
9
20
8
7
15
11
8
7
8
8
7
11
17
14
7
6
9
10
6
12
17
6
7
5
12
9
6
3
13
3
10
9
5
23
16
9
8
19
15
6
3
4
2
14
12
8
17
10
10
10
3
11
2
6
11
13
12
14
13
1
8
14
10
16
6
8
18
16
14
14
9
8
5
16
10
5
18
25
4
15
23
15
13
9
10
13
14
22
11
12
15
7
8
12
10
15
11
9
10
4
4
10
16
1
8
9
19
4
17
6
21
9
3
7
15
11
11
4
7
13
21
12
11
2
10
9
