2
26
6
22
5
13
9
28
4
15
33
26
4
11
19
3
19
7
34
24
22
9
27
17
16
7
27
15
10
9
24
21
11
9
14
39
16
10
19
20
5
10
18
7
36
9
20
1
6
6
11
15
7
22
13
7
9
21
7
13
9
10
18
29
7
25
15
21
9
21
25
12
14
15
15
12
31
9
8
18
11
13
10
10
7
12
23
29
6
12
19
11
17
7
22
22
26
14
10
9
15
20
15
22
6
31
14
13
23
21
15
20
17
12
12
9
21
15
10
15
11
15
18
15
19
29
18
10
9
9
16
9
16
25
13
16
15
8
2
20
16
17
17
12
15
13
4
22
16
13
15
15
17
17
20
20
16
16
12
11
14
15
7
18
18
20
19
17
13
16
20
18
18
9
21
6
16
18
14
15
19
12
11
11
17
21
22
5
15
31
11
19
15
18
24
20
13
22
13
3
17
11
19
27
19
17
24
19
35
13
11
13
11
26
17
19
14
23
21
18
6
16
22
15
18
18
6
22
29
9
23
8
23
3
16
22
1
25
8
4
22
12
17
13
6
16
28
14
23
18
15
25
26
15
24
16
17
20
24
22
13
25
31
8
15
23
14
24
16
24
5
14
27
22
31
11
26
27
10
16
25
28
20
24
14
12
19
24
25
20
8
28
8
22
28
16
22
26
29
17
27
25
7
31
19
4
25
29
22
14
26
12
13
18
33
10
24
10
25
22
22
1
21
14
11
28
5
27
13
14
6
24
23
5
20
18
21
7
18
7
20
4
17
18
20
9
25
24
9
7
12
24
9
7
10
6
10
15
14
7
17
12
13
17
9
7
11
28
4
14
3
10
18
29
18
9
16
19
17
11
10
16
17
27
6
11
5
19
10
8
7
30
11
31
4
22
10
16
26
13
15
7
22
14
12
11
21
3
27
14
15
15
22
19
10
23
8
18
14
7
21
24
15
17
9
11
17
16
28
17
21
15
16
32
5
17
16
12
9
15
16
19
13
12
12
13
26
10
18
16
16
17
19
15
23
25
16
15
7
14
18
15
27
23
9
1
23
14
16
6
17
8
15
14
10
15
22
16
13
28
7
17
16
7
22
19
12
15
16
11
18
18
10
20
18
17
22
9
11
17
7
10
8
3
9
14
19
27
17
18
19
8
27
21
16
12
8
9
32
18
10
4
11
17
16
10
23
18
21
24
15
8
19
23
13
16
20
20
24
8
11
18
27
13
22
22
17
23
16
9
17
18
15
29
31
4
21
8
15
4
11
23
31
33
18
5
8
16
20
29
9
20
19
2
20
17
15
21
15
8
6
24
24
19
3
13
18
25
23
12
12
23
7
9
21
20
14
18
17
23
25
17
13
22
12
26
24
25
20
16
7
26
6
16
17
14
21
21
5
6
27
13
22
22
21
21
14
27
23
29
13
13
16
10
23
17
7
22
28
33
11
30
5
6
8
4
5
30
17
9
22
17
17
13
9
31
7
21
32
16
11
4
26
17
22
4
8
15
12
16
4
28
11
25
6
15
24
16
6
8
4
29
21
12
6
18
15
25
5
12
19
23
10
6
30
12
19
7
8
18
17
20
5
21
12
10
22
7
15
15
24
6
22
17
22
8
11
13
16
17
10
37
22
10
9
14
5
16
4
12
14
16
12
29
15
20
9
16
25
13
3
15
20
17
9
12
24
28
13
30
24
13
17
14
14
25
10
16
11
17
13
14
7
2
9
12
22
14
24
27
11
21
12
18
8
14
21
24
17
15
12
19
12
6
24
10
13
15
19
19
21
14
19
20
14
14
21
23
16
3
19
13
20
15
15
15
11
15
16
19
18
14
17
16
15
7
20
15
26
11
12
10
13
14
14
13
14
6
8
17
1
11
15
29
22
15
18
28
17
19
13
17
18
7
16
19
14
17
14
18
7
10
26
17
17
5
19
15
17
11
22
18
14
17
13
20
16
8
14
8
10
9
18
20
21
26
27
20
12
12
18
18
7
18
22
19
26
7
11
9
10
17
31
21
7
9
13
21
23
16
15
17
14
24
17
21
10
14
25
18
10
19
30
24
17
20
7
25
18
24
5
22
25
19
20
14
22
4
23
28
11
22
3
13
22
9
21
12
12
15
14
17
16
13
21
11
7
9
18
28
17
10
12
29
11
26
16
26
33
25
30
27
11
27
18
10
29
18
9
8
2
26
23
9
11
27
14
7
14
28
32
17
26
20
8
7
28
28
29
21
20
1
15
32
12
3
23
5
15
22
2
26
23
9
5
14
18
15
13
5
22
9
19
8
10
5
19
30
8
6
34
6
25
6
29
16
16
7
14
2
11
7
21
14
27
8
20
16
10
17
15
9
9
9
35
24
13
7
31
10
18
15
8
24
17
9
12
9
17
3
19
8
19
7
21
7
25
24
17
7
28
5
15
16
11
25
10
26
9
25
23
11
13
11
8
11
15
12
11
21
13
13
11
18
16
17
14
13
10
16
12
13
7
17
31
14
15
14
24
9
11
22
18
13
9
13
14
14
12
9
14
6
14
28
27
7
21
23
14
16
10
11
16
13
14
19
11
9
13
11
19
20
19
14
1
14
27
24
14
19
11
6
21
17
12
22
26
17
23
29
15
16
7
30
15
15
14
4
20
17
32
6
14
14
22
9
22
17
6
8
14
25
14
18
21
14
16
23
13
24
17
22
28
18
16
31
7
6
19
21
12
12
18
26
5
14
11
20
14
7
11
14
19
13
5
5
19
14
19
13
8
19
17
21
26
27
19
12
5
10
23
20
11
12
11
17
21
11
4
11
22
20
31
13
19
4
14
15
26
16
19
2
15
21
16
12
13
12
19
13
4
26
18
20
14
19
19
10
26
16
23
20
19
4
22
19
33
24
20
9
19
26
29
19
20
24
19
7
21
6
6
22
19
8
14
26
15
7
7
23
10
5
11
11
24
13
11
18
16
28
19
9
24
22
15
30
27
17
27
24
14
27
33
45
11
17
12
3
10
28
20
3
16
20
15
14
5
15
20
12
6
21
11
5
15
6
18
25
9
7
7
25
29
17
7
16
19
7
18
11
8
18
16
13
13
6
17
12
24
5
5
19
12
22
8
19
24
14
12
19
10
14
10
4
9
13
11
17
16
7
19
20
19
12
8
20
30
10
9
19
12
14
20
32
8
12
20
18
23
10
16
12
18
13
20
31
13
26
16
12
14
2
20
12
13
13
24
23
13
21
23
7
14
21
17
17
14
6
4
19
30
15
19
17
5
14
8
15
25
18
12
18
7
11
15
23
13
15
16
29
20
18
16
16
17
9
19
28
14
5
20
5
19
17
17
22
10
24
3
16
38
12
18
17
30
9
17
21
25
12
12
9
14
13
17
25
9
16
13
13
24
20
10
19
15
34
15
20
15
15
10
18
13
8
23
18
16
24
20
19
11
16
22
11
36
21
27
12
11
21
10
16
7
14
20
11
23
22
36
17
7
24
20
6
15
9
22
18
10
16
22
24
22
26
34
18
23
18
30
6
24
11
14
23
11
26
13
16
9
9
20
24
14
7
26
18
21
16
26
18
14
9
26
16
20
15
27
5
23
20
21
12
25
26
33
26
26
19
10
11
24
20
7
33
26
6
11
17
5
26
8
14
4
9
29
26
17
3
26
26
14
24
24
32
32
13
4
19
31
5
22
4
13
31
12
6
29
20
6
31
9
9
24
25
17
11
29
7
22
9
39
31
19
